-9.978027  -0.17356  0.03920
-9.956055  -0.09610  0.02152
-9.934082  -0.07175  0.01433
-9.912109  -0.05880  0.01313
-9.890137  -0.05122  0.00903
-9.868164  -0.04468  0.00883
-9.846191  -0.04110  0.00807
-9.824219  -0.03741  0.00742
-9.802246  -0.03543  0.00665
-9.780273  -0.03417  0.00530
-9.758301  -0.03203  0.00488
-9.736328  -0.03166  0.00521
-9.714355  -0.02990  0.00495
-9.692383  -0.02896  0.00465
-9.67041  -0.02835  0.00375
-9.648438  -0.02704  0.00448
-9.626465  -0.02746  0.00277
-9.604492  -0.02631  0.00389
-9.58252  -0.02596  0.00383
-9.560547  -0.02661  0.00271
-9.538574  -0.02463  0.00381
-9.516602  -0.02624  0.00305
-9.494629  -0.02437  0.00400
-9.472656  -0.02463  0.00311
-9.450684  -0.02422  0.00380
-9.428711  -0.02419  0.00303
-9.406738  -0.02397  0.00369
-9.384766  -0.02433  0.00270
-9.362793  -0.02287  0.00322
-9.34082  -0.02345  0.00364
-9.318848  -0.02295  0.00282
-9.296875  -0.02378  0.00341
-9.274902  -0.02318  0.00317
-9.25293  -0.02196  0.00338
-9.230957  -0.02402  0.00302
-9.208984  -0.02239  0.00263
-9.187012  -0.02186  0.00342
-9.165039  -0.02330  0.00242
-9.143066  -0.02188  0.00350
-9.121094  -0.02269  0.00328
-9.099121  -0.02233  0.00229
-9.077148  -0.02140  0.00363
-9.055176  -0.02204  0.00295
-9.033203  -0.02204  0.00343
-9.01123  -0.02238  0.00301
-8.989258  -0.02117  0.00327
-8.967285  -0.02182  0.00315
-8.945313  -0.02117  0.00343
-8.92334  -0.02126  0.00308
-8.901367  -0.02237  0.00289
-8.879395  -0.02118  0.00292
-8.857422  -0.02096  0.00322
-8.835449  -0.02197  0.00280
-8.813477  -0.02059  0.00360
-8.791504  -0.02114  0.00307
-8.769531  -0.02152  0.00296
-8.747559  -0.02007  0.00334
-8.725586  -0.02165  0.00243
-8.703613  -0.02076  0.00283
-8.681641  -0.02043  0.00357
-8.659668  -0.02098  0.00227
-8.637695  -0.02065  0.00383
-8.615723  -0.02124  0.00208
-8.59375  -0.02066  0.00252
-8.571777  -0.01972  0.00360
-8.549805  -0.02119  0.00177
-8.527832  -0.02090  0.00322
-8.505859  -0.01990  0.00315
-8.483887  -0.02084  0.00268
-8.461914  -0.02025  0.00276
-8.439941  -0.02030  0.00339
-8.417969  -0.02155  0.00277
-8.395996  -0.01994  0.00301
-8.374023  -0.02019  0.00290
-8.352051  -0.02092  0.00250
-8.330078  -0.02115  0.00267
-8.308105  -0.01948  0.00372
-8.286133  -0.02082  0.00221
-8.26416  -0.02002  0.00315
-8.242188  -0.02042  0.00316
-8.220215  -0.02073  0.00264
-8.198242  -0.02028  0.00266
-8.17627  -0.01987  0.00285
-8.154297  -0.02090  0.00249
-8.132324  -0.02000  0.00265
-8.110352  -0.01973  0.00364
-8.088379  -0.02034  0.00228
-8.066406  -0.01934  0.00342
-8.044434  -0.02053  0.00209
-8.022461  -0.01915  0.00300
-8.000488  -0.02030  0.00337
-7.978516  -0.01948  0.00326
-7.956543  -0.01996  0.00276
-7.93457  -0.02078  0.00231
-7.912598  -0.01885  0.00381
-7.890625  -0.02123  0.00246
-7.868652  -0.01993  0.00285
-7.84668  -0.02048  0.00321
-7.824707  -0.02104  0.00263
-7.802734  -0.01909  0.00275
-7.780762  -0.02015  0.00277
-7.758789  -0.01950  0.00238
-7.736816  -0.01992  0.00353
-7.714844  -0.01955  0.00309
-7.692871  -0.01965  0.00165
-7.670898  -0.02030  0.00303
-7.648926  -0.01863  0.00292
-7.626953  -0.02025  0.00305
-7.60498  -0.02027  0.00251
-7.583008  -0.01936  0.00294
-7.561035  -0.02103  0.00256
-7.539063  -0.01906  0.00289
-7.51709  -0.01979  0.00362
-7.495117  -0.01934  0.00363
-7.473145  -0.01965  0.00268
-7.451172  -0.02008  0.00251
-7.429199  -0.01915  0.00274
-7.407227  -0.01917  0.00233
-7.385254  -0.02049  0.00228
-7.363281  -0.01942  0.00349
-7.341309  -0.02007  0.00226
-7.319336  -0.01987  0.00275
-7.297363  -0.01910  0.00345
-7.275391  -0.01955  0.00202
-7.253418  -0.02015  0.00251
-7.231445  -0.01889  0.00319
-7.209473  -0.01942  0.00228
-7.1875  -0.01902  0.00260
-7.165527  -0.01868  0.00280
-7.143555  -0.01918  0.00266
-7.121582  -0.01902  0.00281
-7.099609  -0.01991  0.00188
-7.077637  -0.01942  0.00329
-7.055664  -0.01935  0.00212
-7.033691  -0.02018  0.00297
-7.011719  -0.01865  0.00348
-6.989746  -0.01933  0.00285
-6.967773  -0.01960  0.00299
-6.945801  -0.01896  0.00306
-6.923828  -0.02021  0.00294
-6.901855  -0.01899  0.00296
-6.879883  -0.01964  0.00227
-6.85791  -0.01923  0.00250
-6.835938  -0.01879  0.00243
-6.813965  -0.01972  0.00164
-6.791992  -0.01888  0.00295
-6.77002  -0.01877  0.00313
-6.748047  -0.01900  0.00239
-6.726074  -0.01887  0.00321
-6.704102  -0.01887  0.00248
-6.682129  -0.01883  0.00335
-6.660156  -0.01845  0.00273
-6.638184  -0.01926  0.00266
-6.616211  -0.01943  0.00226
-6.594238  -0.01870  0.00342
-6.572266  -0.01964  0.00175
-6.550293  -0.01909  0.00298
-6.52832  -0.01838  0.00290
-6.506348  -0.01955  0.00198
-6.484375  -0.01894  0.00345
-6.462402  -0.01997  0.00256
-6.44043  -0.01830  0.00271
-6.418457  -0.01874  0.00295
-6.396484  -0.01988  0.00352
-6.374512  -0.01912  0.00232
-6.352539  -0.01814  0.00261
-6.330566  -0.01898  0.00275
-6.308594  -0.01804  0.00288
-6.286621  -0.01894  0.00132
-6.264648  -0.01906  0.00313
-6.242676  -0.01831  0.00238
-6.220703  -0.01930  0.00298
-6.19873  -0.01830  0.00325
-6.176758  -0.02026  0.00160
-6.154785  -0.01866  0.00281
-6.132813  -0.01833  0.00371
-6.11084  -0.01950  0.00193
-6.088867  -0.01871  0.00295
-6.066895  -0.01870  0.00326
-6.044922  -0.01930  0.00287
-6.022949  -0.01806  0.00352
-6.000977  -0.02003  0.00212
-5.979004  -0.01776  0.00296
-5.957031  -0.01878  0.00199
-5.935059  -0.01872  0.00269
-5.913086  -0.01803  0.00305
-5.891113  -0.01918  0.00232
-5.869141  -0.01898  0.00265
-5.847168  -0.01837  0.00284
-5.825195  -0.01889  0.00208
-5.803223  -0.01853  0.00327
-5.78125  -0.01864  0.00276
-5.759277  -0.01838  0.00213
-5.737305  -0.01832  0.00310
-5.715332  -0.01862  0.00244
-5.693359  -0.01835  0.00328
-5.671387  -0.01913  0.00235
-5.649414  -0.01812  0.00352
-5.627441  -0.01883  0.00230
-5.605469  -0.01847  0.00268
-5.583496  -0.01769  0.00281
-5.561523  -0.01943  0.00280
-5.539551  -0.01785  0.00276
-5.517578  -0.01935  0.00242
-5.495605  -0.01874  0.00258
-5.473633  -0.01836  0.00280
-5.45166  -0.01838  0.00191
-5.429688  -0.01782  0.00300
-5.407715  -0.01915  0.00323
-5.385742  -0.01816  0.00320
-5.36377  -0.01881  0.00313
-5.341797  -0.01833  0.00224
-5.319824  -0.01781  0.00282
-5.297852  -0.01921  0.00223
-5.275879  -0.01781  0.00320
-5.253906  -0.01892  0.00173
-5.231934  -0.01808  0.00297
-5.209961  -0.01824  0.00195
-5.187988  -0.01836  0.00245
-5.166016  -0.01734  0.00277
-5.144043  -0.01894  0.00219
-5.12207  -0.01717  0.00327
-5.100098  -0.01879  0.00158
-5.078125  -0.01754  0.00320
-5.056152  -0.01930  0.00210
-5.03418  -0.01834  0.00249
-5.012207  -0.01770  0.00340
-4.990234  -0.01869  0.00267
-4.968262  -0.01765  0.00304
-4.946289  -0.01901  0.00161
-4.924316  -0.01804  0.00259
-4.902344  -0.01874  0.00315
-4.880371  -0.01885  0.00225
-4.858398  -0.01761  0.00340
-4.836426  -0.01858  0.00222
-4.814453  -0.01853  0.00299
-4.79248  -0.01835  0.00254
-4.770508  -0.01905  0.00259
-4.748535  -0.01749  0.00300
-4.726563  -0.01838  0.00226
-4.70459  -0.01929  0.00209
-4.682617  -0.01778  0.00276
-4.660645  -0.01851  0.00234
-4.638672  -0.01787  0.00284
-4.616699  -0.01834  0.00276
-4.594727  -0.01956  0.00213
-4.572754  -0.01749  0.00376
-4.550781  -0.01813  0.00214
-4.528809  -0.01801  0.00266
-4.506836  -0.01723  0.00394
-4.484863  -0.01791  0.00292
-4.462891  -0.01812  0.00264
-4.440918  -0.01768  0.00310
-4.418945  -0.01809  0.00213
-4.396973  -0.01847  0.00206
-4.375  -0.01853  0.00257
-4.353027  -0.01910  0.00255
-4.331055  -0.01872  0.00294
-4.309082  -0.01746  0.00260
-4.287109  -0.01852  0.00266
-4.265137  -0.01692  0.00323
-4.243164  -0.01821  0.00279
-4.221191  -0.01800  0.00319
-4.199219  -0.01863  0.00325
-4.177246  -0.01748  0.00330
-4.155273  -0.01758  0.00381
-4.133301  -0.01858  0.00212
-4.111328  -0.01741  0.00327
-4.089355  -0.01825  0.00221
-4.067383  -0.01769  0.00258
-4.04541  -0.01742  0.00290
-4.023438  -0.01779  0.00199
-4.001465  -0.01846  0.00295
-3.979492  -0.01819  0.00210
-3.95752  -0.01845  0.00342
-3.935547  -0.01747  0.00266
-3.913574  -0.01909  0.00267
-3.891602  -0.01745  0.00241
-3.869629  -0.01762  0.00208
-3.847656  -0.01817  0.00280
-3.825684  -0.01759  0.00232
-3.803711  -0.01818  0.00253
-3.781738  -0.01743  0.00344
-3.759766  -0.01781  0.00200
-3.737793  -0.01741  0.00320
-3.71582  -0.01756  0.00253
-3.693848  -0.01724  0.00294
-3.671875  -0.01833  0.00268
-3.649902  -0.01709  0.00288
-3.62793  -0.01847  0.00294
-3.605957  -0.01773  0.00233
-3.583984  -0.01691  0.00307
-3.562012  -0.01865  0.00207
-3.540039  -0.01733  0.00305
-3.518066  -0.01751  0.00275
-3.496094  -0.01846  0.00237
-3.474121  -0.01789  0.00352
-3.452148  -0.01887  0.00224
-3.430176  -0.01708  0.00294
-3.408203  -0.01817  0.00330
-3.38623  -0.01808  0.00173
-3.364258  -0.01680  0.00336
-3.342285  -0.01819  0.00169
-3.320313  -0.01762  0.00275
-3.29834  -0.01745  0.00278
-3.276367  -0.01842  0.00201
-3.254395  -0.01658  0.00233
-3.232422  -0.01820  0.00233
-3.210449  -0.01660  0.00270
-3.188477  -0.01736  0.00322
-3.166504  -0.01706  0.00265
-3.144531  -0.01634  0.00289
-3.122559  -0.01794  0.00158
-3.100586  -0.01654  0.00316
-3.078613  -0.01777  0.00251
-3.056641  -0.01759  0.00250
-3.034668  -0.01697  0.00355
-3.012695  -0.01777  0.00179
-2.990723  -0.01663  0.00251
-2.96875  -0.01732  0.00329
-2.946777  -0.01708  0.00267
-2.924805  -0.01673  0.00335
-2.902832  -0.01778  0.00229
-2.880859  -0.01690  0.00283
-2.858887  -0.01732  0.00280
-2.836914  -0.01662  0.00300
-2.814941  -0.01676  0.00338
-2.792969  -0.01707  0.00313
-2.770996  -0.01780  0.00235
-2.749023  -0.01594  0.00315
-2.727051  -0.01753  0.00197
-2.705078  -0.01595  0.00331
-2.683105  -0.01681  0.00216
-2.661133  -0.01667  0.00231
-2.63916  -0.01625  0.00245
-2.617188  -0.01683  0.00252
-2.595215  -0.01599  0.00220
-2.573242  -0.01597  0.00274
-2.55127  -0.01636  0.00243
-2.529297  -0.01583  0.00283
-2.507324  -0.01710  0.00214
-2.485352  -0.01550  0.00383
-2.463379  -0.01713  0.00224
-2.441406  -0.01543  0.00380
-2.419434  -0.01654  0.00241
-2.397461  -0.01594  0.00291
-2.375488  -0.01525  0.00211
-2.353516  -0.01650  0.00155
-2.331543  -0.01514  0.00280
-2.30957  -0.01605  0.00193
-2.287598  -0.01540  0.00329
-2.265625  -0.01629  0.00202
-2.243652  -0.01518  0.00289
-2.22168  -0.01574  0.00267
-2.199707  -0.01513  0.00268
-2.177734  -0.01473  0.00210
-2.155762  -0.01646  0.00190
-2.133789  -0.01493  0.00338
-2.111816  -0.01487  0.00250
-2.089844  -0.01481  0.00175
-2.067871  -0.01378  0.00318
-2.045898  -0.01481  0.00286
-2.023926  -0.01449  0.00186
-2.001953  -0.01401  0.00313
-1.979981  -0.01544  0.00201
-1.958008  -0.01370  0.00372
-1.936035  -0.01553  0.00239
-1.914063  -0.01366  0.00260
-1.89209  -0.01436  0.00240
-1.870117  -0.01349  0.00292
-1.848145  -0.01342  0.00222
-1.826172  -0.01276  0.00269
-1.804199  -0.01312  0.00202
-1.782227  -0.01290  0.00260
-1.760254  -0.01237  0.00306
-1.738281  -0.01286  0.00212
-1.716309  -0.01263  0.00294
-1.694336  -0.01232  0.00198
-1.672363  -0.01251  0.00290
-1.650391  -0.01065  0.00430
-1.628418  -0.01179  0.00278
-1.606445  -0.01191  0.00288
-1.584473  -0.00991  0.00310
-1.5625  -0.01045  0.00183
-1.540527  -0.00907  0.00290
-1.518555  -0.00912  0.00274
-1.496582  -0.00851  0.00224
-1.474609  -0.00829  0.00294
-1.452637  -0.00631  0.00294
-1.430664  -0.00542  0.00265
-1.408691  -0.00546  0.00270
-1.386719  -0.00474  0.00257
-1.364746  -0.00234  0.00365
-1.342773  -0.00232  0.00210
-1.320801  0.00068  0.00276
-1.298828  0.00261  0.00247
-1.276856  0.00388  0.00214
-1.254883  0.00541  0.00174
-1.23291  0.00844  0.00245
-1.210938  0.01029  0.00201
-1.188965  0.01353  0.00102
-1.166992  0.01717  0.00217
-1.14502  0.01886  0.00143
-1.123047  0.02271  0.00177
-1.101074  0.02589  0.00176
-1.079102  0.02918  0.00201
-1.057129  0.03361  0.00093
-1.035156  0.03766  0.00108
-1.013184  0.04315  0.00143
-0.991211  0.04584  0.00237
-0.9692383  0.05171  0.00077
-0.9472657  0.05601  0.00165
-0.925293  0.06240  0.00203
-0.9033203  0.06700  0.00252
-0.8813477  0.07347  0.00214
-0.859375  0.08089  0.00337
-0.8374024  0.08626  0.00313
-0.8154297  0.09390  0.00333
-0.7934571  0.10050  0.00470
-0.7714844  0.10949  0.00415
-0.7495118  0.11624  0.00598
-0.7275391  0.12650  0.00538
-0.7055664  0.13392  0.00693
-0.6835938  0.14501  0.00710
-0.6616211  0.15438  0.00746
-0.6396485  0.16303  0.00965
-0.6176758  0.17540  0.00887
-0.5957032  0.18745  0.00959
-0.5737305  0.19989  0.01196
-0.5517579  0.21279  0.01227
-0.5297852  0.22637  0.01350
-0.5078125  0.24189  0.01384
-0.4858399  0.25646  0.01579
-0.4638672  0.27441  0.01560
-0.4418946  0.29088  0.01825
-0.4199219  0.30997  0.01912
-0.3979493  0.33014  0.02011
-0.3759766  0.35106  0.02213
-0.3540039  0.37396  0.02273
-0.3320313  0.39619  0.02526
-0.3100586  0.42133  0.02551
-0.288086  0.44583  0.02875
-0.2661133  0.47478  0.02969
-0.2441407  0.50187  0.03222
-0.222168  0.53033  0.03282
-0.2001954  0.56100  0.03538
-0.1782227  0.59252  0.03727
-0.15625  0.62467  0.03959
-0.1342774  0.65841  0.04351
-0.1123047  0.69398  0.04440
-0.09033207  0.72873  0.04484
-0.06835942  0.76284  0.04874
-0.04638676  0.79932  0.05069
-0.0244141  0.83957  0.05374
-0.002441447  0.87544  0.05484
0.01953121  0.91501  0.05524
