-9.978027E+0	-1.954929E-1
-9.956055E+0	-1.063946E-1
-9.934082E+0	-7.985824E-2
-9.912109E+0	-6.334479E-2
-9.890137E+0	-5.562121E-2
-9.868164E+0	-4.589128E-2
-9.846191E+0	-4.383462E-2
-9.824219E+0	-3.909296E-2
-9.802246E+0	-3.587037E-2
-9.780273E+0	-3.560305E-2
-9.758301E+0	-3.001406E-2
-9.736328E+0	-3.269216E-2
-9.714355E+0	-2.727777E-2
-9.692383E+0	-3.020740E-2
-9.670410E+0	-2.614340E-2
-9.648438E+0	-2.774434E-2
-9.626465E+0	-2.639099E-2
-9.604492E+0	-2.356098E-2
-9.582520E+0	-2.602109E-2
-9.560547E+0	-2.543615E-2
-9.538574E+0	-2.286261E-2
-9.516602E+0	-2.471114E-2
-9.494629E+0	-2.380857E-2
-9.472656E+0	-2.109595E-2
-9.450684E+0	-2.373558E-2
-9.428711E+0	-2.306778E-2
-9.406738E+0	-2.203600E-2
-9.384766E+0	-2.221750E-2
-9.362793E+0	-2.144317E-2
-9.340820E+0	-2.152011E-2
-9.318848E+0	-2.256471E-2
-9.296875E+0	-2.433334E-2
-9.274902E+0	-2.085034E-2
-9.252930E+0	-2.213069E-2
-9.230957E+0	-2.412126E-2
-9.208984E+0	-1.976627E-2
-9.187012E+0	-2.045676E-2
-9.165039E+0	-2.351462E-2
-9.143066E+0	-1.958576E-2
-9.121094E+0	-1.952164E-2
-9.099121E+0	-2.232600E-2
-9.077148E+0	-1.776090E-2
-9.055176E+0	-2.258148E-2
-9.033203E+0	-1.810220E-2
-9.011230E+0	-2.249862E-2
-8.989258E+0	-2.003556E-2
-8.967285E+0	-1.783686E-2
-8.945313E+0	-2.199555E-2
-8.923340E+0	-1.774118E-2
-8.901367E+0	-1.976233E-2
-8.879395E+0	-2.095095E-2
-8.857422E+0	-1.681099E-2
-8.835449E+0	-2.038475E-2
-8.813477E+0	-1.922178E-2
-8.791504E+0	-1.756165E-2
-8.769531E+0	-2.130309E-2
-8.747559E+0	-1.761886E-2
-8.725586E+0	-2.103085E-2
-8.703613E+0	-1.728447E-2
-8.681641E+0	-1.820479E-2
-8.659668E+0	-1.896432E-2
-8.637695E+0	-1.807261E-2
-8.615723E+0	-2.073098E-2
-8.593750E+0	-1.844646E-2
-8.571777E+0	-1.616292E-2
-8.549805E+0	-2.057513E-2
-8.527832E+0	-1.798975E-2
-8.505859E+0	-1.752318E-2
-8.483887E+0	-2.172922E-2
-8.461914E+0	-1.765733E-2
-8.439941E+0	-1.730913E-2
-8.417969E+0	-2.108905E-2
-8.395996E+0	-1.786152E-2
-8.374023E+0	-1.997046E-2
-8.352051E+0	-1.831033E-2
-8.330078E+0	-2.093516E-2
-8.308105E+0	-1.675477E-2
-8.286133E+0	-1.813870E-2
-8.264160E+0	-2.099040E-2
-8.242188E+0	-1.624578E-2
-8.220215E+0	-2.038574E-2
-8.198242E+0	-1.868320E-2
-8.176270E+0	-1.729335E-2
-8.154297E+0	-2.151616E-2
-8.132324E+0	-1.686722E-2
-8.110352E+0	-1.801638E-2
-8.088379E+0	-1.875520E-2
-8.066406E+0	-1.644306E-2
-8.044434E+0	-2.054652E-2
-8.022461E+0	-1.582064E-2
-8.000488E+0	-2.036108E-2
-7.978516E+0	-1.617476E-2
-7.956543E+0	-1.916654E-2
-7.934570E+0	-1.958280E-2
-7.912598E+0	-1.577329E-2
-7.890625E+0	-2.065404E-2
-7.868652E+0	-1.777077E-2
-7.846680E+0	-1.716413E-2
-7.824707E+0	-2.097857E-2
-7.802734E+0	-1.680508E-2
-7.780762E+0	-1.670052E-2
-7.758789E+0	-2.088782E-2
-7.736816E+0	-1.516862E-2
-7.714844E+0	-1.823043E-2
-7.692871E+0	-1.972681E-2
-7.670898E+0	-1.744723E-2
-7.648926E+0	-1.685933E-2
-7.626953E+0	-2.086809E-2
-7.604980E+0	-1.792169E-2
-7.583008E+0	-1.722726E-2
-7.561035E+0	-1.858061E-2
-7.539063E+0	-1.718977E-2
-7.517090E+0	-1.786448E-2
-7.495117E+0	-1.558785E-2
-7.473145E+0	-1.995665E-2
-7.451172E+0	-1.714933E-2
-7.429199E+0	-1.806472E-2
-7.407227E+0	-1.980770E-2
-7.385254E+0	-1.793747E-2
-7.363281E+0	-1.695797E-2
-7.341309E+0	-2.004937E-2
-7.319336E+0	-1.689385E-2
-7.297363E+0	-1.572101E-2
-7.275391E+0	-1.988563E-2
-7.253418E+0	-1.796904E-2
-7.231445E+0	-1.568353E-2
-7.209473E+0	-1.921290E-2
-7.187500E+0	-1.610472E-2
-7.165527E+0	-1.972681E-2
-7.143555E+0	-1.513903E-2
-7.121582E+0	-1.678436E-2
-7.099609E+0	-1.850761E-2
-7.077637E+0	-1.610374E-2
-7.055664E+0	-1.739001E-2
-7.033691E+0	-1.958674E-2
-7.011719E+0	-1.596860E-2
-6.989746E+0	-1.614615E-2
-6.967773E+0	-1.780036E-2
-6.945801E+0	-1.556910E-2
-6.923828E+0	-1.712368E-2
-6.901855E+0	-2.002865E-2
-6.879883E+0	-1.746893E-2
-6.857910E+0	-1.647561E-2
-6.835938E+0	-1.927405E-2
-6.813965E+0	-1.856778E-2
-6.791992E+0	-1.552767E-2
-6.770020E+0	-2.005825E-2
-6.748047E+0	-1.563717E-2
-6.726074E+0	-1.924249E-2
-6.704102E+0	-1.597452E-2
-6.682129E+0	-1.516073E-2
-6.660156E+0	-1.953940E-2
-6.638184E+0	-1.545172E-2
-6.616211E+0	-1.910538E-2
-6.594238E+0	-1.732984E-2
-6.572266E+0	-1.820972E-2
-6.550293E+0	-1.682283E-2
-6.528320E+0	-1.611656E-2
-6.506348E+0	-1.895150E-2
-6.484375E+0	-1.590152E-2
-6.462402E+0	-1.803118E-2
-6.440430E+0	-1.787039E-2
-6.418457E+0	-1.515284E-2
-6.396484E+0	-1.960351E-2
-6.374512E+0	-1.620435E-2
-6.352539E+0	-1.828764E-2
-6.330566E+0	-1.830934E-2
-6.308594E+0	-1.464484E-2
-6.286621E+0	-1.874928E-2
-6.264648E+0	-1.719766E-2
-6.242676E+0	-1.678041E-2
-6.220703E+0	-1.813771E-2
-6.198730E+0	-1.518934E-2
-6.176758E+0	-1.979685E-2
-6.154785E+0	-1.506406E-2
-6.132813E+0	-1.698164E-2
-6.110840E+0	-1.939242E-2
-6.088867E+0	-1.702307E-2
-6.066895E+0	-1.783587E-2
-6.044922E+0	-1.660483E-2
-6.022949E+0	-1.531362E-2
-6.000977E+0	-1.956800E-2
-5.979004E+0	-1.703392E-2
-5.957031E+0	-1.692936E-2
-5.935059E+0	-1.654269E-2
-5.913086E+0	-1.532645E-2
-5.891113E+0	-1.835768E-2
-5.869141E+0	-1.810516E-2
-5.847168E+0	-1.497430E-2
-5.825195E+0	-1.849084E-2
-5.803223E+0	-1.661765E-2
-5.781250E+0	-1.476025E-2
-5.759277E+0	-1.816434E-2
-5.737305E+0	-1.693034E-2
-5.715332E+0	-1.498317E-2
-5.693359E+0	-1.822550E-2
-5.671387E+0	-1.820084E-2
-5.649414E+0	-1.370479E-2
-5.627441E+0	-1.893867E-2
-5.605469E+0	-1.702603E-2
-5.583496E+0	-1.609387E-2
-5.561523E+0	-1.667486E-2
-5.539551E+0	-1.479083E-2
-5.517578E+0	-1.929476E-2
-5.495605E+0	-1.595084E-2
-5.473633E+0	-1.848690E-2
-5.451660E+0	-1.611261E-2
-5.429688E+0	-1.547835E-2
-5.407715E+0	-1.931252E-2
-5.385742E+0	-1.521202E-2
-5.363770E+0	-1.675575E-2
-5.341797E+0	-1.824523E-2
-5.319824E+0	-1.532447E-2
-5.297852E+0	-1.806274E-2
-5.275879E+0	-1.563519E-2
-5.253906E+0	-1.768790E-2
-5.231934E+0	-1.529291E-2
-5.209961E+0	-1.816730E-2
-5.187988E+0	-1.550203E-2
-5.166016E+0	-1.694810E-2
-5.144043E+0	-1.762675E-2
-5.122070E+0	-1.493977E-2
-5.100098E+0	-1.807359E-2
-5.078125E+0	-1.514988E-2
-5.056152E+0	-1.991817E-2
-5.034180E+0	-1.639965E-2
-5.012207E+0	-1.373438E-2
-4.990234E+0	-1.810417E-2
-4.968262E+0	-1.608006E-2
-4.946289E+0	-1.891302E-2
-4.924316E+0	-1.551386E-2
-4.902344E+0	-1.843067E-2
-4.880371E+0	-1.525641E-2
-4.858398E+0	-1.470303E-2
-4.836426E+0	-1.874829E-2
-4.814453E+0	-1.497134E-2
-4.792480E+0	-1.618462E-2
-4.770508E+0	-1.984616E-2
-4.748535E+0	-1.555923E-2
-4.726563E+0	-1.681592E-2
-4.704590E+0	-1.939044E-2
-4.682617E+0	-1.443276E-2
-4.660645E+0	-1.655353E-2
-4.638672E+0	-1.684157E-2
-4.616699E+0	-1.575652E-2
-4.594727E+0	-1.910537E-2
-4.572754E+0	-1.387050E-2
-4.550781E+0	-1.874434E-2
-4.528809E+0	-1.722824E-2
-4.506836E+0	-1.421772E-2
-4.484863E+0	-1.572495E-2
-4.462891E+0	-1.614220E-2
-4.440918E+0	-1.714735E-2
-4.418945E+0	-1.544777E-2
-4.396973E+0	-1.896727E-2
-4.375000E+0	-1.907380E-2
-4.353027E+0	-1.849873E-2
-4.331055E+0	-1.878972E-2
-4.309082E+0	-1.650816E-2
-4.287109E+0	-1.495161E-2
-4.265137E+0	-1.427592E-2
-4.243164E+0	-1.443966E-2
-4.221191E+0	-1.652690E-2
-4.199219E+0	-1.483718E-2
-4.177246E+0	-1.395731E-2
-4.155273E+0	-1.251419E-2
-4.133301E+0	-1.854509E-2
-4.111328E+0	-1.449095E-2
-4.089355E+0	-1.629115E-2
-4.067383E+0	-1.703687E-2
-4.045410E+0	-1.318593E-2
-4.023438E+0	-1.868516E-2
-4.001465E+0	-1.554345E-2
-3.979492E+0	-1.557008E-2
-3.957520E+0	-1.670445E-2
-3.935547E+0	-1.332995E-2
-3.913574E+0	-1.822845E-2
-3.891602E+0	-1.650520E-2
-3.869629E+0	-1.521793E-2
-3.847656E+0	-1.755473E-2
-3.825684E+0	-1.499303E-2
-3.803711E+0	-1.874040E-2
-3.781738E+0	-1.396421E-2
-3.759766E+0	-1.621026E-2
-3.737793E+0	-1.606526E-2
-3.715820E+0	-1.445445E-2
-3.693848E+0	-1.847801E-2
-3.671875E+0	-1.585713E-2
-3.649902E+0	-1.349369E-2
-3.627930E+0	-1.820872E-2
-3.605957E+0	-1.624577E-2
-3.583984E+0	-1.410329E-2
-3.562012E+0	-1.745609E-2
-3.540039E+0	-1.554147E-2
-3.518066E+0	-1.424731E-2
-3.496094E+0	-1.884791E-2
-3.474121E+0	-1.579498E-2
-3.452148E+0	-1.867924E-2
-3.430176E+0	-1.400169E-2
-3.408203E+0	-1.619349E-2
-3.386230E+0	-1.789899E-2
-3.364258E+0	-1.447714E-2
-3.342285E+0	-1.713058E-2
-3.320313E+0	-1.629114E-2
-3.298340E+0	-1.357063E-2
-3.276367E+0	-1.740776E-2
-3.254395E+0	-1.483718E-2
-3.232422E+0	-1.709506E-2
-3.210449E+0	-1.383301E-2
-3.188477E+0	-1.794239E-2
-3.166504E+0	-1.398689E-2
-3.144531E+0	-1.424139E-2
-3.122559E+0	-1.834977E-2
-3.100586E+0	-1.476418E-2
-3.078613E+0	-1.567365E-2
-3.056641E+0	-1.663934E-2
-3.034668E+0	-1.441105E-2
-3.012695E+0	-1.719864E-2
-2.990723E+0	-1.396125E-2
-2.968750E+0	-1.772439E-2
-2.946777E+0	-1.446234E-2
-2.924805E+0	-1.534814E-2
-2.902832E+0	-1.770664E-2
-2.880859E+0	-1.403029E-2
-2.858887E+0	-1.472374E-2
-2.836914E+0	-1.628128E-2
-2.814941E+0	-1.190952E-2
-2.792969E+0	-1.731109E-2
-2.770996E+0	-1.572396E-2
-2.749023E+0	-1.329345E-2
-2.727051E+0	-1.755177E-2
-2.705078E+0	-1.375903E-2
-2.683105E+0	-1.662751E-2
-2.661133E+0	-1.433608E-2
-2.639160E+0	-1.594590E-2
-2.617188E+0	-1.452843E-2
-2.595215E+0	-1.389022E-2
-2.573242E+0	-1.614712E-2
-2.551270E+0	-1.367321E-2
-2.529297E+0	-1.446727E-2
-2.507324E+0	-1.578018E-2
-2.485352E+0	-1.194996E-2
-2.463379E+0	-1.689087E-2
-2.441406E+0	-1.164023E-2
-2.419434E+0	-1.461424E-2
-2.397461E+0	-1.452054E-2
-2.375488E+0	-1.308235E-2
-2.353516E+0	-1.678533E-2
-2.331543E+0	-1.329443E-2
-2.309570E+0	-1.548524E-2
-2.287598E+0	-1.226265E-2
-2.265625E+0	-1.657621E-2
-2.243652E+0	-1.173097E-2
-2.221680E+0	-1.466455E-2
-2.199707E+0	-1.349862E-2
-2.177734E+0	-1.215019E-2
-2.155762E+0	-1.581569E-2
-2.133789E+0	-1.359134E-2
-2.111816E+0	-1.229717E-2
-2.089844E+0	-1.416049E-2
-2.067871E+0	-1.072582E-2
-2.045898E+0	-1.497034E-2
-2.023926E+0	-1.305177E-2
-2.001953E+0	-1.256547E-2
-1.979981E+0	-1.405692E-2
-1.958008E+0	-1.087477E-2
-1.936035E+0	-1.354498E-2
-1.914063E+0	-1.092212E-2
-1.892090E+0	-1.458761E-2
-1.870117E+0	-9.241278E-3
-1.848145E+0	-1.454618E-2
-1.826172E+0	-9.057806E-3
-1.804199E+0	-1.407270E-2
-1.782227E+0	-9.392199E-3
-1.760254E+0	-1.091620E-2
-1.738281E+0	-1.143801E-2
-1.716309E+0	-8.719467E-3
-1.694336E+0	-1.265819E-2
-1.672363E+0	-1.017245E-2
-1.650391E+0	-3.323816E-3
-1.628418E+0	-1.211271E-2
-1.606445E+0	-9.106138E-3
-1.584473E+0	-7.629487E-3
-1.562500E+0	-8.850659E-3
-1.540527E+0	-5.928919E-3
-1.518555E+0	-9.313284E-3
-1.496582E+0	-5.629052E-3
-1.474609E+0	-8.451163E-3
-1.452637E+0	-2.216080E-3
-1.430664E+0	-4.216516E-3
-1.408691E+0	-1.593657E-3
-1.386719E+0	-4.158317E-3
-1.364746E+0	2.331705E-4
-1.342773E+0	-1.021541E-3
-1.320801E+0	1.541148E-3
-1.298828E+0	6.586624E-3
-1.276856E+0	5.112930E-3
-1.254883E+0	6.464309E-3
-1.232910E+0	1.232850E-2
-1.210938E+0	1.119414E-2
-1.188965E+0	1.402217E-2
-1.166992E+0	1.900254E-2
-1.145020E+0	1.869182E-2
-1.123047E+0	2.234843E-2
-1.101074E+0	2.888339E-2
-1.079102E+0	2.733275E-2
-1.057129E+0	3.523782E-2
-1.035156E+0	3.560871E-2
-1.013184E+0	4.577168E-2
-9.912110E-1	4.239915E-2
-9.692383E-1	5.139124E-2
-9.472657E-1	5.369845E-2
-9.252930E-1	6.292037E-2
-9.033203E-1	6.418298E-2
-8.813477E-1	7.167178E-2
-8.593750E-1	7.992013E-2
-8.374024E-1	8.185250E-2
-8.154297E-1	9.156566E-2
-7.934571E-1	9.537615E-2
-7.714844E-1	1.060856E-1
-7.495118E-1	1.099158E-1
-7.275391E-1	1.229078E-1
-7.055664E-1	1.271040E-1
-6.835938E-1	1.370529E-1
-6.616211E-1	1.499452E-1
-6.396485E-1	1.549335E-1
-6.176758E-1	1.674599E-1
-5.957032E-1	1.801806E-1
-5.737305E-1	1.882425E-1
-5.517579E-1	2.039787E-1
-5.297852E-1	2.139128E-1
-5.078125E-1	2.307527E-1
-4.858399E-1	2.422533E-1
-4.638672E-1	2.623839E-1
-4.418946E-1	2.743470E-1
-4.199219E-1	2.947075E-1
-3.979493E-1	3.146536E-1
-3.759766E-1	3.341865E-1
-3.540039E-1	3.548241E-1
-3.320313E-1	3.746470E-1
-3.100586E-1	4.022851E-1
-2.880860E-1	4.206215E-1
-2.661133E-1	4.512721E-1
-2.441407E-1	4.728448E-1
-2.221680E-1	5.055522E-1
-2.001954E-1	5.308279E-1
-1.782227E-1	5.632767E-1
-1.562500E-1	5.920000E-1
-1.342774E-1	6.209086E-1
-1.123047E-1	6.585213E-1
-9.033207E-2	6.871143E-1
-6.835942E-2	7.254047E-1
-4.638676E-2	7.549102E-1
-2.441410E-2	7.963817E-1
-2.441447E-3	8.277278E-1
1.953121E-2	8.703317E-1
