-9.978027  -0.19142  0.01305
-9.956055  -0.10211  0.00369
-9.934082  -0.07490  0.00380
-9.912109  -0.06025  0.00478
-9.890137  -0.05192  0.00464
-9.868164  -0.04548  0.00327
-9.846191  -0.04143  0.00213
-9.824219  -0.03686  0.00274
-9.802246  -0.03456  0.00155
-9.780273  -0.03207  0.00249
-9.758301  -0.03071  0.00314
-9.736328  -0.02788  0.00139
-9.714355  -0.02982  0.00164
-9.692383  -0.02701  0.00178
-9.67041  -0.02726  0.00148
-9.648438  -0.02545  0.00187
-9.626465  -0.02507  0.00186
-9.604492  -0.02433  0.00236
-9.58252  -0.02308  0.00279
-9.560547  -0.02398  0.00141
-9.538574  -0.02335  0.00218
-9.516602  -0.02259  0.00203
-9.494629  -0.02285  0.00087
-9.472656  -0.02276  0.00220
-9.450684  -0.02210  0.00109
-9.428711  -0.02181  0.00208
-9.406738  -0.02145  0.00180
-9.384766  -0.02171  0.00050
-9.362793  -0.02134  0.00212
-9.34082  -0.02119  0.00099
-9.318848  -0.02073  0.00147
-9.296875  -0.02114  0.00226
-9.274902  -0.01989  0.00138
-9.25293  -0.02014  0.00160
-9.230957  -0.02026  0.00165
-9.208984  -0.01975  0.00128
-9.187012  -0.02016  0.00194
-9.165039  -0.02100  0.00147
-9.143066  -0.01940  0.00171
-9.121094  -0.01990  0.00217
-9.099121  -0.02037  0.00070
-9.077148  -0.01940  0.00214
-9.055176  -0.01927  0.00073
-9.033203  -0.01978  0.00245
-9.01123  -0.01928  0.00201
-8.989258  -0.01954  0.00137
-8.967285  -0.01978  0.00227
-8.945313  -0.01806  0.00153
-8.92334  -0.01938  0.00223
-8.901367  -0.01910  0.00142
-8.879395  -0.01923  0.00065
-8.857422  -0.01784  0.00306
-8.835449  -0.01864  0.00164
-8.813477  -0.01880  0.00247
-8.791504  -0.01794  0.00199
-8.769531  -0.01775  0.00143
-8.747559  -0.01815  0.00206
-8.725586  -0.01867  0.00157
-8.703613  -0.01865  0.00150
-8.681641  -0.01830  0.00165
-8.659668  -0.01857  0.00174
-8.637695  -0.01855  0.00175
-8.615723  -0.01746  0.00076
-8.59375  -0.01938  0.00074
-8.571777  -0.01742  0.00119
-8.549805  -0.01825  0.00131
-8.527832  -0.01846  0.00203
-8.505859  -0.01768  0.00168
-8.483887  -0.01904  0.00110
-8.461914  -0.01779  0.00214
-8.439941  -0.01750  0.00143
-8.417969  -0.01879  0.00117
-8.395996  -0.01744  0.00189
-8.374023  -0.01868  0.00051
-8.352051  -0.01752  0.00248
-8.330078  -0.01828  0.00055
-8.308105  -0.01736  0.00131
-8.286133  -0.01789  0.00247
-8.26416  -0.01885  0.00091
-8.242188  -0.01669  0.00210
-8.220215  -0.01806  0.00200
-8.198242  -0.01787  0.00073
-8.17627  -0.01712  0.00169
-8.154297  -0.01780  0.00158
-8.132324  -0.01735  0.00202
-8.110352  -0.01712  0.00210
-8.088379  -0.01709  0.00137
-8.066406  -0.01754  0.00235
-8.044434  -0.01757  0.00193
-8.022461  -0.01682  0.00130
-8.000488  -0.01789  0.00149
-7.978516  -0.01722  0.00121
-7.956543  -0.01704  0.00194
-7.93457  -0.01686  0.00218
-7.912598  -0.01738  0.00109
-7.890625  -0.01701  0.00226
-7.868652  -0.01718  0.00195
-7.84668  -0.01675  0.00108
-7.824707  -0.01879  0.00107
-7.802734  -0.01619  0.00178
-7.780762  -0.01813  0.00150
-7.758789  -0.01712  0.00234
-7.736816  -0.01678  0.00134
-7.714844  -0.01791  0.00210
-7.692871  -0.01697  0.00194
-7.670898  -0.01655  0.00147
-7.648926  -0.01687  0.00245
-7.626953  -0.01622  0.00149
-7.60498  -0.01805  0.00117
-7.583008  -0.01604  0.00165
-7.561035  -0.01760  0.00077
-7.539063  -0.01695  0.00208
-7.51709  -0.01748  0.00147
-7.495117  -0.01730  0.00184
-7.473145  -0.01683  0.00185
-7.451172  -0.01716  0.00143
-7.429199  -0.01581  0.00196
-7.407227  -0.01761  0.00213
-7.385254  -0.01668  0.00169
-7.363281  -0.01658  0.00126
-7.341309  -0.01760  0.00130
-7.319336  -0.01616  0.00181
-7.297363  -0.01707  0.00184
-7.275391  -0.01660  0.00261
-7.253418  -0.01645  0.00182
-7.231445  -0.01739  0.00250
-7.209473  -0.01647  0.00238
-7.1875  -0.01651  0.00148
-7.165527  -0.01724  0.00193
-7.143555  -0.01660  0.00156
-7.121582  -0.01658  0.00136
-7.099609  -0.01699  0.00263
-7.077637  -0.01700  0.00107
-7.055664  -0.01673  0.00176
-7.033691  -0.01635  0.00161
-7.011719  -0.01688  0.00142
-6.989746  -0.01617  0.00257
-6.967773  -0.01610  0.00140
-6.945801  -0.01708  0.00152
-6.923828  -0.01552  0.00165
-6.901855  -0.01779  0.00179
-6.879883  -0.01662  0.00189
-6.85791  -0.01641  0.00144
-6.835938  -0.01709  0.00147
-6.813965  -0.01675  0.00138
-6.791992  -0.01597  0.00184
-6.77002  -0.01734  0.00234
-6.748047  -0.01516  0.00156
-6.726074  -0.01698  0.00253
-6.704102  -0.01567  0.00177
-6.682129  -0.01721  0.00159
-6.660156  -0.01669  0.00179
-6.638184  -0.01584  0.00205
-6.616211  -0.01695  0.00161
-6.594238  -0.01670  0.00074
-6.572266  -0.01575  0.00248
-6.550293  -0.01727  0.00217
-6.52832  -0.01636  0.00078
-6.506348  -0.01568  0.00213
-6.484375  -0.01647  0.00081
-6.462402  -0.01657  0.00101
-6.44043  -0.01521  0.00262
-6.418457  -0.01702  0.00101
-6.396484  -0.01602  0.00171
-6.374512  -0.01681  0.00191
-6.352539  -0.01643  0.00184
-6.330566  -0.01714  0.00194
-6.308594  -0.01634  0.00091
-6.286621  -0.01593  0.00209
-6.264648  -0.01650  0.00193
-6.242676  -0.01672  0.00178
-6.220703  -0.01586  0.00140
-6.19873  -0.01732  0.00124
-6.176758  -0.01589  0.00246
-6.154785  -0.01638  0.00077
-6.132813  -0.01632  0.00204
-6.11084  -0.01558  0.00233
-6.088867  -0.01690  0.00146
-6.066895  -0.01576  0.00256
-6.044922  -0.01651  0.00130
-6.022949  -0.01654  0.00212
-6.000977  -0.01519  0.00195
-5.979004  -0.01704  0.00122
-5.957031  -0.01525  0.00239
-5.935059  -0.01730  0.00137
-5.913086  -0.01615  0.00226
-5.891113  -0.01700  0.00147
-5.869141  -0.01605  0.00192
-5.847168  -0.01623  0.00182
-5.825195  -0.01655  0.00205
-5.803223  -0.01627  0.00140
-5.78125  -0.01598  0.00154
-5.759277  -0.01655  0.00168
-5.737305  -0.01626  0.00199
-5.715332  -0.01609  0.00130
-5.693359  -0.01604  0.00210
-5.671387  -0.01551  0.00200
-5.649414  -0.01632  0.00154
-5.627441  -0.01597  0.00203
-5.605469  -0.01674  0.00191
-5.583496  -0.01660  0.00216
-5.561523  -0.01518  0.00172
-5.539551  -0.01660  0.00136
-5.517578  -0.01513  0.00168
-5.495605  -0.01548  0.00235
-5.473633  -0.01647  0.00167
-5.45166  -0.01504  0.00152
-5.429688  -0.01664  0.00124
-5.407715  -0.01575  0.00180
-5.385742  -0.01572  0.00214
-5.36377  -0.01649  0.00158
-5.341797  -0.01602  0.00173
-5.319824  -0.01591  0.00136
-5.297852  -0.01621  0.00189
-5.275879  -0.01548  0.00249
-5.253906  -0.01647  0.00149
-5.231934  -0.01596  0.00213
-5.209961  -0.01585  0.00094
-5.187988  -0.01565  0.00115
-5.166016  -0.01605  0.00264
-5.144043  -0.01495  0.00202
-5.12207  -0.01594  0.00174
-5.100098  -0.01536  0.00211
-5.078125  -0.01600  0.00077
-5.056152  -0.01540  0.00231
-5.03418  -0.01594  0.00190
-5.012207  -0.01653  0.00140
-4.990234  -0.01488  0.00295
-4.968262  -0.01676  0.00079
-4.946289  -0.01480  0.00188
-4.924316  -0.01646  0.00103
-4.902344  -0.01596  0.00172
-4.880371  -0.01508  0.00195
-4.858398  -0.01603  0.00121
-4.836426  -0.01648  0.00180
-4.814453  -0.01497  0.00195
-4.79248  -0.01653  0.00060
-4.770508  -0.01519  0.00198
-4.748535  -0.01549  0.00199
-4.726563  -0.01686  0.00153
-4.70459  -0.01529  0.00243
-4.682617  -0.01573  0.00119
-4.660645  -0.01561  0.00177
-4.638672  -0.01523  0.00175
-4.616699  -0.01592  0.00136
-4.594727  -0.01577  0.00259
-4.572754  -0.01607  0.00166
-4.550781  -0.01520  0.00244
-4.528809  -0.01498  0.00197
-4.506836  -0.01573  0.00136
-4.484863  -0.01642  0.00190
-4.462891  -0.01499  0.00198
-4.440918  -0.01688  0.00132
-4.418945  -0.01529  0.00185
-4.396973  -0.01539  0.00166
-4.375  -0.01655  0.00102
-4.353027  -0.01507  0.00225
-4.331055  -0.01590  0.00200
-4.309082  -0.01532  0.00217
-4.287109  -0.01637  0.00146
-4.265137  -0.01469  0.00155
-4.243164  -0.01611  0.00128
-4.221191  -0.01565  0.00155
-4.199219  -0.01369  0.00358
-4.177246  -0.01685  0.00095
-4.155273  -0.01521  0.00273
-4.133301  -0.01562  0.00208
-4.111328  -0.01656  0.00208
-4.089355  -0.01429  0.00227
-4.067383  -0.01641  0.00097
-4.04541  -0.01540  0.00186
-4.023438  -0.01541  0.00087
-4.001465  -0.01676  0.00153
-3.979492  -0.01410  0.00190
-3.95752  -0.01694  0.00079
-3.935547  -0.01528  0.00281
-3.913574  -0.01530  0.00159
-3.891602  -0.01593  0.00175
-3.869629  -0.01452  0.00077
-3.847656  -0.01619  0.00099
-3.825684  -0.01422  0.00214
-3.803711  -0.01463  0.00160
-3.781738  -0.01534  0.00250
-3.759766  -0.01502  0.00192
-3.737793  -0.01621  0.00092
-3.71582  -0.01477  0.00204
-3.693848  -0.01529  0.00167
-3.671875  -0.01544  0.00201
-3.649902  -0.01533  0.00154
-3.62793  -0.01555  0.00261
-3.605957  -0.01439  0.00118
-3.583984  -0.01552  0.00174
-3.562012  -0.01577  0.00228
-3.540039  -0.01488  0.00149
-3.518066  -0.01480  0.00155
-3.496094  -0.01568  0.00191
-3.474121  -0.01565  0.00165
-3.452148  -0.01510  0.00228
-3.430176  -0.01399  0.00214
-3.408203  -0.01481  0.00151
-3.38623  -0.01525  0.00163
-3.364258  -0.01469  0.00180
-3.342285  -0.01512  0.00163
-3.320313  -0.01620  0.00163
-3.29834  -0.01463  0.00173
-3.276367  -0.01558  0.00130
-3.254395  -0.01571  0.00220
-3.232422  -0.01451  0.00134
-3.210449  -0.01520  0.00154
-3.188477  -0.01555  0.00094
-3.166504  -0.01458  0.00225
-3.144531  -0.01459  0.00151
-3.122559  -0.01473  0.00151
-3.100586  -0.01545  0.00192
-3.078613  -0.01498  0.00162
-3.056641  -0.01538  0.00174
-3.034668  -0.01495  0.00204
-3.012695  -0.01530  0.00125
-2.990723  -0.01450  0.00263
-2.96875  -0.01578  0.00111
-2.946777  -0.01368  0.00272
-2.924805  -0.01550  0.00155
-2.902832  -0.01511  0.00160
-2.880859  -0.01449  0.00232
-2.858887  -0.01580  0.00062
-2.836914  -0.01377  0.00274
-2.814941  -0.01512  0.00047
-2.792969  -0.01452  0.00206
-2.770996  -0.01382  0.00161
-2.749023  -0.01543  0.00160
-2.727051  -0.01395  0.00247
-2.705078  -0.01478  0.00247
-2.683105  -0.01483  0.00146
-2.661133  -0.01392  0.00221
-2.63916  -0.01418  0.00210
-2.617188  -0.01396  0.00148
-2.595215  -0.01459  0.00212
-2.573242  -0.01354  0.00146
-2.55127  -0.01508  0.00201
-2.529297  -0.01380  0.00158
-2.507324  -0.01391  0.00128
-2.485352  -0.01401  0.00180
-2.463379  -0.01256  0.00160
-2.441406  -0.01495  0.00118
-2.419434  -0.01307  0.00201
-2.397461  -0.01376  0.00185
-2.375488  -0.01417  0.00223
-2.353516  -0.01404  0.00260
-2.331543  -0.01315  0.00166
-2.30957  -0.01437  0.00138
-2.287598  -0.01247  0.00264
-2.265625  -0.01442  0.00069
-2.243652  -0.01297  0.00243
-2.22168  -0.01276  0.00209
-2.199707  -0.01326  0.00199
-2.177734  -0.01311  0.00202
-2.155762  -0.01349  0.00154
-2.133789  -0.01301  0.00221
-2.111816  -0.01325  0.00223
-2.089844  -0.01274  0.00195
-2.067871  -0.01260  0.00240
-2.045898  -0.01334  0.00100
-2.023926  -0.01185  0.00227
-2.001953  -0.01248  0.00229
-1.979981  -0.01294  0.00186
-1.958008  -0.01192  0.00241
-1.936035  -0.01217  0.00144
-1.914063  -0.01230  0.00202
-1.89209  -0.01169  0.00183
-1.870117  -0.01147  0.00153
-1.848145  -0.01263  0.00221
-1.826172  -0.01123  0.00192
-1.804199  -0.01205  0.00188
-1.782227  -0.01099  0.00210
-1.760254  -0.01094  0.00204
-1.738281  -0.01104  0.00109
-1.716309  -0.00997  0.00214
-1.694336  -0.01132  0.00157
-1.672363  -0.00998  0.00221
-1.650391  -0.01079  0.00118
-1.628418  -0.01047  0.00241
-1.606445  -0.00929  0.00217
-1.584473  -0.01045  0.00104
-1.5625  -0.00921  0.00166
-1.540527  -0.00887  0.00170
-1.518555  -0.01036  0.00171
-1.496582  -0.00841  0.00158
-1.474609  -0.00872  0.00239
-1.452637  -0.00819  0.00196
-1.430664  -0.00895  0.00166
-1.408691  -0.00829  0.00225
-1.386719  -0.00693  0.00181
-1.364746  -0.00816  0.00196
-1.342773  -0.00769  0.00185
-1.320801  -0.00597  0.00215
-1.298828  -0.00744  0.00081
-1.276856  -0.00547  0.00239
-1.254883  -0.00554  0.00196
-1.23291  -0.00485  0.00175
-1.210938  -0.00440  0.00150
-1.188965  -0.00333  0.00272
-1.166992  -0.00200  0.00207
-1.14502  -0.00176  0.00238
-1.123047  0.00058  0.00170
-1.101074  0.00128  0.00199
-1.079102  0.00282  0.00209
-1.057129  0.00555  0.00145
-1.035156  0.00743  0.00088
-1.013184  0.00988  0.00163
-0.991211  0.01298  0.00074
-0.9692383  0.01482  0.00089
-0.9472657  0.01915  0.00105
-0.925293  0.02179  0.00124
-0.9033203  0.02690  0.00099
-0.8813477  0.03161  0.00151
-0.859375  0.03542  0.00192
-0.8374024  0.04057  0.00214
-0.8154297  0.04813  0.00235
-0.7934571  0.05154  0.00292
-0.7714844  0.06145  0.00328
-0.7495118  0.06684  0.00359
-0.7275391  0.07613  0.00485
-0.7055664  0.08420  0.00460
-0.6835938  0.09396  0.00597
-0.6616211  0.10389  0.00591
-0.6396485  0.11424  0.00741
-0.6176758  0.12535  0.00800
-0.5957032  0.13785  0.00894
-0.5737305  0.15122  0.00990
-0.5517579  0.16590  0.01150
-0.5297852  0.18146  0.01282
-0.5078125  0.19717  0.01300
-0.4858399  0.21503  0.01625
-0.4638672  0.23461  0.01519
-0.4418946  0.25578  0.01849
-0.4199219  0.27789  0.01895
-0.3979493  0.30020  0.02274
-0.3759766  0.32725  0.02321
-0.3540039  0.35315  0.02599
-0.3320313  0.38321  0.02858
-0.3100586  0.41219  0.03018
-0.288086  0.44454  0.03410
-0.2661133  0.47868  0.03422
-0.2441407  0.51343  0.03953
-0.222168  0.54993  0.03991
-0.2001954  0.58890  0.04448
-0.1782227  0.62879  0.04688
-0.15625  0.67017  0.05201
-0.1342774  0.71120  0.05208
-0.1123047  0.75588  0.05803
-0.09033207  0.79910  0.05928
-0.06835942  0.84539  0.06340
-0.04638676  0.89172  0.06725
-0.0244141  0.94027  0.07077
-0.002441447  0.98925  0.07473
0.01953121  1.03770  0.07778
