-9.978027E+0	-2.013709E-1
-9.956055E+0	-1.005689E-1
-9.934082E+0	-7.479600E-2
-9.912109E+0	-5.641922E-2
-9.890137E+0	-5.222304E-2
-9.868164E+0	-4.313428E-2
-9.846191E+0	-4.013856E-2
-9.824219E+0	-3.413429E-2
-9.802246E+0	-3.562180E-2
-9.780273E+0	-3.005945E-2
-9.758301E+0	-3.121157E-2
-9.736328E+0	-2.793275E-2
-9.714355E+0	-2.788343E-2
-9.692383E+0	-2.589089E-2
-9.670410E+0	-2.587905E-2
-9.648438E+0	-2.492716E-2
-9.626465E+0	-2.301353E-2
-9.604492E+0	-2.390820E-2
-9.582520E+0	-2.061558E-2
-9.560547E+0	-2.251638E-2
-9.538574E+0	-2.285472E-2
-9.516602E+0	-2.083949E-2
-9.494629E+0	-2.333707E-2
-9.472656E+0	-2.041237E-2
-9.450684E+0	-2.277088E-2
-9.428711E+0	-2.099337E-2
-9.406738E+0	-2.103381E-2
-9.384766E+0	-2.146586E-2
-9.362793E+0	-2.005431E-2
-9.340820E+0	-2.043112E-2
-9.318848E+0	-1.862796E-2
-9.296875E+0	-2.186831E-2
-9.274902E+0	-1.815153E-2
-9.252930E+0	-2.154477E-2
-9.230957E+0	-1.884596E-2
-9.208984E+0	-2.000400E-2
-9.187012E+0	-1.857075E-2
-9.165039E+0	-1.960155E-2
-9.143066E+0	-1.846422E-2
-9.121094E+0	-1.863783E-2
-9.099121E+0	-2.040547E-2
-9.077148E+0	-1.713947E-2
-9.055176E+0	-1.807755E-2
-9.033203E+0	-2.015689E-2
-9.011230E+0	-1.693332E-2
-8.989258E+0	-1.866052E-2
-8.967285E+0	-1.898504E-2
-8.945313E+0	-1.642827E-2
-8.923340E+0	-1.952165E-2
-8.901367E+0	-1.825707E-2
-8.879395E+0	-1.904521E-2
-8.857422E+0	-1.797200E-2
-8.835449E+0	-1.622705E-2
-8.813477E+0	-1.927406E-2
-8.791504E+0	-1.626354E-2
-8.769531E+0	-1.595677E-2
-8.747559E+0	-1.853820E-2
-8.725586E+0	-1.622902E-2
-8.703613E+0	-1.704577E-2
-8.681641E+0	-1.989550E-2
-8.659668E+0	-1.571510E-2
-8.637695E+0	-1.931352E-2
-8.615723E+0	-1.661865E-2
-8.593750E+0	-1.829554E-2
-8.571777E+0	-1.764747E-2
-8.549805E+0	-1.597354E-2
-8.527832E+0	-1.836262E-2
-8.505859E+0	-1.710594E-2
-8.483887E+0	-1.710890E-2
-8.461914E+0	-1.655749E-2
-8.439941E+0	-1.584136E-2
-8.417969E+0	-1.790098E-2
-8.395996E+0	-1.677549E-2
-8.374023E+0	-1.811602E-2
-8.352051E+0	-1.545568E-2
-8.330078E+0	-1.823143E-2
-8.308105E+0	-1.591041E-2
-8.286133E+0	-1.616194E-2
-8.264160E+0	-1.864078E-2
-8.242188E+0	-1.599129E-2
-8.220215E+0	-1.689090E-2
-8.198242E+0	-1.809432E-2
-8.176270E+0	-1.567663E-2
-8.154297E+0	-1.545074E-2
-8.132324E+0	-1.699447E-2
-8.110352E+0	-1.440417E-2
-8.088379E+0	-1.829752E-2
-8.066406E+0	-1.539846E-2
-8.044434E+0	-1.753601E-2
-8.022461E+0	-1.547836E-2
-8.000488E+0	-1.727560E-2
-7.978516E+0	-1.553262E-2
-7.956543E+0	-1.579993E-2
-7.934570E+0	-1.599327E-2
-7.912598E+0	-1.528010E-2
-7.890625E+0	-1.868221E-2
-7.868652E+0	-1.601793E-2
-7.846680E+0	-1.611262E-2
-7.824707E+0	-1.822748E-2
-7.802734E+0	-1.405004E-2
-7.780762E+0	-1.814068E-2
-7.758789E+0	-1.361208E-2
-7.736816E+0	-1.759914E-2
-7.714844E+0	-1.458764E-2
-7.692871E+0	-1.715131E-2
-7.670898E+0	-1.518441E-2
-7.648926E+0	-1.715920E-2
-7.626953E+0	-1.512720E-2
-7.604980E+0	-1.700434E-2
-7.583008E+0	-1.447223E-2
-7.561035E+0	-1.720754E-2
-7.539063E+0	-1.597157E-2
-7.517090E+0	-1.523669E-2
-7.495117E+0	-1.830738E-2
-7.473145E+0	-1.469022E-2
-7.451172E+0	-1.637501E-2
-7.429199E+0	-1.472968E-2
-7.407227E+0	-1.356177E-2
-7.385254E+0	-1.709903E-2
-7.363281E+0	-1.549414E-2
-7.341309E+0	-1.659794E-2
-7.319336E+0	-1.562731E-2
-7.297363E+0	-1.521499E-2
-7.275391E+0	-1.513707E-2
-7.253418E+0	-1.408851E-2
-7.231445E+0	-1.570129E-2
-7.209473E+0	-1.386657E-2
-7.187500E+0	-1.565098E-2
-7.165527E+0	-1.635922E-2
-7.143555E+0	-1.373932E-2
-7.121582E+0	-1.741468E-2
-7.099609E+0	-1.468924E-2
-7.077637E+0	-1.542806E-2
-7.055664E+0	-1.784278E-2
-7.033691E+0	-1.487468E-2
-7.011719E+0	-1.537380E-2
-6.989746E+0	-1.551881E-2
-6.967773E+0	-1.341381E-2
-6.945801E+0	-1.678535E-2
-6.923828E+0	-1.427199E-2
-6.901855E+0	-1.485693E-2
-6.879883E+0	-1.694318E-2
-6.857910E+0	-1.456988E-2
-6.835938E+0	-1.608500E-2
-6.813965E+0	-1.713849E-2
-6.791992E+0	-1.420195E-2
-6.770020E+0	-1.740777E-2
-6.748047E+0	-1.264540E-2
-6.726074E+0	-1.722036E-2
-6.704102E+0	-1.323922E-2
-6.682129E+0	-1.577133E-2
-6.660156E+0	-1.614024E-2
-6.638184E+0	-1.378766E-2
-6.616211E+0	-1.552670E-2
-6.594238E+0	-1.674392E-2
-6.572266E+0	-1.236920E-2
-6.550293E+0	-1.670348E-2
-6.528320E+0	-1.667783E-2
-6.506348E+0	-1.349371E-2
-6.484375E+0	-1.616589E-2
-6.462402E+0	-1.546554E-2
-6.440430E+0	-1.280717E-2
-6.418457E+0	-1.592816E-2
-6.396484E+0	-1.562928E-2
-6.374512E+0	-1.314255E-2
-6.352539E+0	-1.796707E-2
-6.330566E+0	-1.411120E-2
-6.308594E+0	-1.547639E-2
-6.286621E+0	-1.671729E-2
-6.264648E+0	-1.284268E-2
-6.242676E+0	-1.719668E-2
-6.220703E+0	-1.389912E-2
-6.198730E+0	-1.660583E-2
-6.176758E+0	-1.418025E-2
-6.154785E+0	-1.628228E-2
-6.132813E+0	-1.571609E-2
-6.110840E+0	-1.289792E-2
-6.088867E+0	-1.674787E-2
-6.066895E+0	-1.444559E-2
-6.044922E+0	-1.397705E-2
-6.022949E+0	-1.482536E-2
-6.000977E+0	-1.337633E-2
-5.979004E+0	-1.746992E-2
-5.957031E+0	-1.303108E-2
-5.935059E+0	-1.707141E-2
-5.913086E+0	-1.360714E-2
-5.891113E+0	-1.583741E-2
-5.869141E+0	-1.597847E-2
-5.847168E+0	-1.313564E-2
-5.825195E+0	-1.652494E-2
-5.803223E+0	-1.555037E-2
-5.781250E+0	-1.341578E-2
-5.759277E+0	-1.707634E-2
-5.737305E+0	-1.420293E-2
-5.715332E+0	-1.479182E-2
-5.693359E+0	-1.527516E-2
-5.671387E+0	-1.257536E-2
-5.649414E+0	-1.686624E-2
-5.627441E+0	-1.311295E-2
-5.605469E+0	-1.587490E-2
-5.583496E+0	-1.748077E-2
-5.561523E+0	-1.259213E-2
-5.539551E+0	-1.661174E-2
-5.517578E+0	-1.453930E-2
-5.495605E+0	-1.285550E-2
-5.473633E+0	-1.519033E-2
-5.451660E+0	-1.253590E-2
-5.429688E+0	-1.658708E-2
-5.407715E+0	-1.447420E-2
-5.385742E+0	-1.273812E-2
-5.363770E+0	-1.701222E-2
-5.341797E+0	-1.383994E-2
-5.319824E+0	-1.506703E-2
-5.297852E+0	-1.656439E-2
-5.275879E+0	-1.239682E-2
-5.253906E+0	-1.692147E-2
-5.231934E+0	-1.320272E-2
-5.209961E+0	-1.662555E-2
-5.187988E+0	-1.459454E-2
-5.166016E+0	-1.583346E-2
-5.144043E+0	-1.282689E-2
-5.122070E+0	-1.338816E-2
-5.100098E+0	-1.423549E-2
-5.078125E+0	-1.456100E-2
-5.056152E+0	-1.470896E-2
-5.034180E+0	-1.340592E-2
-5.012207E+0	-1.644800E-2
-4.990234E+0	-1.335363E-2
-4.968262E+0	-1.618759E-2
-4.946289E+0	-1.359728E-2
-4.924316E+0	-1.481352E-2
-4.902344E+0	-1.656341E-2
-4.880371E+0	-1.370184E-2
-4.858398E+0	-1.421773E-2
-4.836426E+0	-1.659300E-2
-4.814453E+0	-1.460539E-2
-4.792480E+0	-1.548822E-2
-4.770508E+0	-1.236821E-2
-4.748535E+0	-1.663344E-2
-4.726563E+0	-1.422957E-2
-4.704590E+0	-1.402637E-2
-4.682617E+0	-1.666796E-2
-4.660645E+0	-1.284465E-2
-4.638672E+0	-1.417926E-2
-4.616699E+0	-1.439331E-2
-4.594727E+0	-1.281801E-2
-4.572754E+0	-1.492202E-2
-4.550781E+0	-1.359530E-2
-4.528809E+0	-1.410133E-2
-4.506836E+0	-1.362983E-2
-4.484863E+0	-1.369197E-2
-4.462891E+0	-1.410034E-2
-4.440918E+0	-1.463794E-2
-4.418945E+0	-1.588377E-2
-4.396973E+0	-1.291863E-2
-4.375000E+0	-1.599425E-2
-4.353027E+0	-1.553162E-2
-4.331055E+0	-1.249644E-2
-4.309082E+0	-1.413980E-2
-4.287109E+0	-1.422858E-2
-4.265137E+0	-1.409048E-2
-4.243164E+0	-1.564308E-2
-4.221191E+0	-1.370973E-2
-4.199219E+0	-8.588295E-3
-4.177246E+0	-1.612346E-2
-4.155273E+0	-1.410725E-2
-4.133301E+0	-1.449589E-2
-4.111328E+0	-1.409147E-2
-4.089355E+0	-1.315142E-2
-4.067383E+0	-1.530869E-2
-4.045410E+0	-1.405596E-2
-4.023438E+0	-1.462610E-2
-4.001465E+0	-1.456593E-2
-3.979492E+0	-1.259508E-2
-3.957520E+0	-1.616687E-2
-3.935547E+0	-1.218079E-2
-3.913574E+0	-1.563125E-2
-3.891602E+0	-1.333884E-2
-3.869629E+0	-1.400367E-2
-3.847656E+0	-1.529883E-2
-3.825684E+0	-1.183752E-2
-3.803711E+0	-1.379258E-2
-3.781738E+0	-1.435977E-2
-3.759766E+0	-1.134333E-2
-3.737793E+0	-1.572200E-2
-3.715820E+0	-1.359234E-2
-3.693848E+0	-1.229226E-2
-3.671875E+0	-1.581669E-2
-3.649902E+0	-1.338224E-2
-3.627930E+0	-1.294822E-2
-3.605957E+0	-1.574567E-2
-3.583984E+0	-1.304686E-2
-3.562012E+0	-1.507195E-2
-3.540039E+0	-1.290284E-2
-3.518066E+0	-1.565492E-2
-3.496094E+0	-1.419504E-2
-3.474121E+0	-1.403031E-2
-3.452148E+0	-1.342071E-2
-3.430176E+0	-1.207426E-2
-3.408203E+0	-1.389615E-2
-3.386230E+0	-1.336349E-2
-3.364258E+0	-1.346608E-2
-3.342285E+0	-1.553852E-2
-3.320313E+0	-1.458072E-2
-3.298340E+0	-1.429368E-2
-3.276367E+0	-1.690075E-2
-3.254395E+0	-1.243134E-2
-3.232422E+0	-1.341084E-2
-3.210449E+0	-1.332700E-2
-3.188477E+0	-1.494668E-2
-3.166504E+0	-1.362588E-2
-3.144531E+0	-1.199929E-2
-3.122559E+0	-1.497726E-2
-3.100586E+0	-1.293835E-2
-3.078613E+0	-1.656044E-2
-3.056641E+0	-1.377384E-2
-3.034668E+0	-1.320271E-2
-3.012695E+0	-1.601397E-2
-2.990723E+0	-1.121115E-2
-2.968750E+0	-1.619251E-2
-2.946777E+0	-1.043287E-2
-2.924805E+0	-1.523767E-2
-2.902832E+0	-1.348877E-2
-2.880859E+0	-1.280420E-2
-2.858887E+0	-1.579005E-2
-2.836914E+0	-1.209596E-2
-2.814941E+0	-1.449786E-2
-2.792969E+0	-1.217191E-2
-2.770996E+0	-1.325992E-2
-2.749023E+0	-1.249348E-2
-2.727051E+0	-1.606427E-2
-2.705078E+0	-1.168561E-2
-2.683105E+0	-1.476222E-2
-2.661133E+0	-1.246882E-2
-2.639160E+0	-1.298866E-2
-2.617188E+0	-1.482140E-2
-2.595215E+0	-1.191643E-2
-2.573242E+0	-1.326978E-2
-2.551270E+0	-1.444459E-2
-2.529297E+0	-1.217881E-2
-2.507324E+0	-1.322539E-2
-2.485352E+0	-1.127625E-2
-2.463379E+0	-1.227943E-2
-2.441406E+0	-1.405595E-2
-2.419434E+0	-1.275586E-2
-2.397461E+0	-1.128315E-2
-2.375488E+0	-1.433214E-2
-2.353516E+0	-1.241555E-2
-2.331543E+0	-1.279433E-2
-2.309570E+0	-1.242147E-2
-2.287598E+0	-1.112335E-2
-2.265625E+0	-1.367519E-2
-2.243652E+0	-1.124764E-2
-2.221680E+0	-1.239286E-2
-2.199707E+0	-1.079488E-2
-2.177734E+0	-1.250433E-2
-2.155762E+0	-1.195194E-2
-2.133789E+0	-1.048416E-2
-2.111816E+0	-1.311195E-2
-2.089844E+0	-1.070709E-2
-2.067871E+0	-1.118451E-2
-2.045898E+0	-1.381033E-2
-2.023926E+0	-1.022770E-2
-2.001953E+0	-1.042596E-2
-1.979981E+0	-1.342070E-2
-1.958008E+0	-9.128837E-3
-1.936035E+0	-1.193418E-2
-1.914063E+0	-1.032436E-2
-1.892090E+0	-1.121016E-2
-1.870117E+0	-1.020008E-2
-1.848145E+0	-1.175169E-2
-1.826172E+0	-1.036382E-2
-1.804199E+0	-9.509590E-3
-1.782227E+0	-1.231197E-2
-1.760254E+0	-8.796417E-3
-1.738281E+0	-1.089944E-2
-1.716309E+0	-7.085985E-3
-1.694336E+0	-1.138870E-2
-1.672363E+0	-8.152292E-3
-1.650391E+0	-1.063705E-2
-1.628418E+0	-7.785348E-3
-1.606445E+0	-8.673114E-3
-1.584473E+0	-1.140053E-2
-1.562500E+0	-6.696353E-3
-1.540527E+0	-8.679032E-3
-1.518555E+0	-8.736244E-3
-1.496582E+0	-8.334776E-3
-1.474609E+0	-7.147141E-3
-1.452637E+0	-7.991506E-3
-1.430664E+0	-9.437578E-3
-1.408691E+0	-4.929694E-3
-1.386719E+0	-6.606589E-3
-1.364746E+0	-8.084227E-3
-1.342773E+0	-4.608124E-3
-1.320801E+0	-5.859878E-3
-1.298828E+0	-7.749834E-3
-1.276856E+0	-2.733951E-3
-1.254883E+0	-5.710930E-3
-1.232910E+0	-3.713453E-3
-1.210938E+0	-1.863939E-3
-1.188965E+0	-4.456216E-3
-1.166992E+0	1.267907E-3
-1.145020E+0	-3.019021E-3
-1.123047E+0	3.325553E-3
-1.101074E+0	-1.288460E-4
-1.079102E+0	6.363690E-3
-1.057129E+0	6.300559E-3
-1.035156E+0	7.046285E-3
-1.013184E+0	1.192013E-2
-9.912110E-1	1.222887E-2
-9.692383E-1	1.519500E-2
-9.472657E-1	1.960227E-2
-9.252930E-1	2.001163E-2
-9.033203E-1	2.665607E-2
-8.813477E-1	3.273925E-2
-8.593750E-1	3.250942E-2
-8.374024E-1	4.037898E-2
-8.154297E-1	4.480104E-2
-7.934571E-1	4.901794E-2
-7.714844E-1	6.011897E-2
-7.495118E-1	6.227921E-2
-7.275391E-1	7.321551E-2
-7.055664E-1	7.980175E-2
-6.835938E-1	9.145517E-2
-6.616211E-1	9.708756E-2
-6.396485E-1	1.086966E-1
-6.176758E-1	1.190312E-1
-5.957032E-1	1.288262E-1
-5.737305E-1	1.452499E-1
-5.517579E-1	1.549946E-1
-5.297852E-1	1.701468E-1
-5.078125E-1	1.884339E-1
-4.858399E-1	2.004848E-1
-4.638672E-1	2.227895E-1
-4.418946E-1	2.396136E-1
-4.199219E-1	2.618443E-1
-3.979493E-1	2.810793E-1
-3.759766E-1	3.089699E-1
-3.540039E-1	3.309057E-1
-3.320313E-1	3.601329E-1
-3.100586E-1	3.881489E-1
-2.880860E-1	4.146557E-1
-2.661133E-1	4.518472E-1
-2.441407E-1	4.799253E-1
-2.221680E-1	5.174246E-1
-2.001954E-1	5.515562E-1
-1.782227E-1	5.906821E-1
-1.562500E-1	6.275550E-1
-1.342774E-1	6.649655E-1
-1.123047E-1	7.102890E-1
-9.033207E-2	7.476867E-1
-6.835942E-2	7.945766E-1
-4.638676E-2	8.355589E-1
-2.441410E-2	8.808646E-1
-2.441447E-3	9.266458E-1
1.953121E-2	9.742094E-1
