-9.978027  -0.15540  0.05223
-9.956055  -0.08402  0.02715
-9.934082  -0.06103  0.01856
-9.912109  -0.04863  0.01421
-9.890137  -0.04064  0.01042
-9.868164  -0.03499  0.00923
-9.846191  -0.03103  0.00670
-9.824219  -0.02828  0.00607
-9.802246  -0.02667  0.00456
-9.780273  -0.02380  0.00514
-9.758301  -0.02233  0.00471
-9.736328  -0.02122  0.00375
-9.714355  -0.02054  0.00380
-9.692383  -0.02012  0.00263
-9.67041  -0.01918  0.00275
-9.648438  -0.01853  0.00309
-9.626465  -0.01798  0.00227
-9.604492  -0.01727  0.00238
-9.58252  -0.01773  0.00198
-9.560547  -0.01708  0.00288
-9.538574  -0.01697  0.00152
-9.516602  -0.01714  0.00165
-9.494629  -0.01607  0.00180
-9.472656  -0.01605  0.00204
-9.450684  -0.01510  0.00169
-9.428711  -0.01585  0.00159
-9.406738  -0.01524  0.00094
-9.384766  -0.01458  0.00136
-9.362793  -0.01490  0.00084
-9.34082  -0.01427  0.00149
-9.318848  -0.01458  0.00077
-9.296875  -0.01397  0.00136
-9.274902  -0.01385  0.00120
-9.25293  -0.01424  0.00106
-9.230957  -0.01395  0.00124
-9.208984  -0.01331  0.00055
-9.187012  -0.01436  0.00090
-9.165039  -0.01410  0.00079
-9.143066  -0.01389  0.00120
-9.121094  -0.01339  0.00089
-9.099121  -0.01364  0.00117
-9.077148  -0.01341  0.00066
-9.055176  -0.01372  0.00095
-9.033203  -0.01352  0.00077
-9.01123  -0.01314  0.00124
-8.989258  -0.01304  0.00116
-8.967285  -0.01322  0.00077
-8.945313  -0.01296  0.00069
-8.92334  -0.01226  0.00115
-8.901367  -0.01309  0.00065
-8.879395  -0.01313  0.00058
-8.857422  -0.01319  0.00068
-8.835449  -0.01231  0.00120
-8.813477  -0.01280  0.00065
-8.791504  -0.01266  0.00025
-8.769531  -0.01296  0.00092
-8.747559  -0.01287  0.00065
-8.725586  -0.01263  0.00115
-8.703613  -0.01231  0.00048
-8.681641  -0.01173  0.00088
-8.659668  -0.01151  0.00126
-8.637695  -0.01175  0.00117
-8.615723  -0.01198  0.00103
-8.59375  -0.01178  0.00074
-8.571777  -0.01185  0.00082
-8.549805  -0.01172  0.00115
-8.527832  -0.01191  0.00079
-8.505859  -0.01158  0.00072
-8.483887  -0.01175  0.00132
-8.461914  -0.01178  0.00108
-8.439941  -0.01227  0.00111
-8.417969  -0.01135  0.00168
-8.395996  -0.01149  0.00094
-8.374023  -0.01124  0.00175
-8.352051  -0.01104  0.00161
-8.330078  -0.01156  0.00131
-8.308105  -0.01173  0.00065
-8.286133  -0.01117  0.00139
-8.26416  -0.01200  0.00126
-8.242188  -0.01140  0.00056
-8.220215  -0.01211  0.00111
-8.198242  -0.01114  0.00092
-8.17627  -0.01175  0.00065
-8.154297  -0.01153  0.00105
-8.132324  -0.01162  0.00078
-8.110352  -0.01149  0.00077
-8.088379  -0.01147  0.00079
-8.066406  -0.01128  0.00058
-8.044434  -0.01151  0.00090
-8.022461  -0.01197  0.00067
-8.000488  -0.01250  0.00209
-7.978516  -0.01159  0.00097
-7.956543  -0.01136  0.00089
-7.93457  -0.01142  0.00116
-7.912598  -0.01141  0.00086
-7.890625  -0.01142  0.00018
-7.868652  -0.01190  0.00048
-7.84668  -0.01153  0.00107
-7.824707  -0.01141  0.00072
-7.802734  -0.01124  0.00100
-7.780762  -0.01157  0.00060
-7.758789  -0.01102  0.00043
-7.736816  -0.01108  0.00082
-7.714844  -0.01145  0.00120
-7.692871  -0.01095  0.00116
-7.670898  -0.01137  0.00076
-7.648926  -0.01123  0.00072
-7.626953  -0.01075  0.00053
-7.60498  -0.01141  0.00070
-7.583008  -0.01141  0.00055
-7.561035  -0.01148  0.00071
-7.539063  -0.01165  0.00081
-7.51709  -0.01091  0.00042
-7.495117  -0.01134  0.00070
-7.473145  -0.01111  0.00106
-7.451172  -0.01072  0.00084
-7.429199  -0.01103  0.00049
-7.407227  -0.01110  0.00037
-7.385254  -0.01154  0.00068
-7.363281  -0.01111  0.00074
-7.341309  -0.01148  0.00082
-7.319336  -0.01088  0.00040
-7.297363  -0.01096  0.00093
-7.275391  -0.01104  0.00056
-7.253418  -0.01103  0.00045
-7.231445  -0.01059  0.00110
-7.209473  -0.01080  0.00039
-7.1875  -0.01134  0.00042
-7.165527  -0.01144  0.00084
-7.143555  -0.01086  0.00044
-7.121582  -0.01071  0.00115
-7.099609  -0.01073  0.00052
-7.077637  -0.01041  0.00075
-7.055664  -0.01082  0.00095
-7.033691  -0.01070  0.00032
-7.011719  -0.01114  0.00050
-6.989746  -0.01133  0.00047
-6.967773  -0.01122  0.00103
-6.945801  -0.01116  0.00041
-6.923828  -0.01124  0.00050
-6.901855  -0.01047  0.00101
-6.879883  -0.01064  0.00034
-6.85791  -0.01092  0.00131
-6.835938  -0.01112  0.00095
-6.813965  -0.01081  0.00080
-6.791992  -0.01068  0.00087
-6.77002  -0.01047  0.00051
-6.748047  -0.01095  0.00059
-6.726074  -0.01049  0.00081
-6.704102  -0.01101  0.00078
-6.682129  -0.01047  0.00058
-6.660156  -0.01107  0.00067
-6.638184  -0.01080  0.00097
-6.616211  -0.01107  0.00093
-6.594238  -0.01021  0.00120
-6.572266  -0.01045  0.00110
-6.550293  -0.01042  0.00116
-6.52832  -0.01018  0.00117
-6.506348  -0.01002  0.00097
-6.484375  -0.01044  0.00106
-6.462402  -0.01040  0.00154
-6.44043  -0.01001  0.00083
-6.418457  -0.01080  0.00129
-6.396484  -0.01064  0.00066
-6.374512  -0.01086  0.00058
-6.352539  -0.01115  0.00131
-6.330566  -0.01051  0.00028
-6.308594  -0.01092  0.00083
-6.286621  -0.01013  0.00059
-6.264648  -0.01067  0.00071
-6.242676  -0.01076  0.00082
-6.220703  -0.01019  0.00038
-6.19873  -0.01066  0.00065
-6.176758  -0.01071  0.00062
-6.154785  -0.01063  0.00078
-6.132813  -0.01065  0.00089
-6.11084  -0.00994  0.00055
-6.088867  -0.01079  0.00087
-6.066895  -0.00969  0.00066
-6.044922  -0.01071  0.00079
-6.022949  -0.01027  0.00037
-6.000977  -0.01077  0.00073
-5.979004  -0.01070  0.00063
-5.957031  -0.01074  0.00108
-5.935059  -0.01066  0.00082
-5.913086  -0.01089  0.00073
-5.891113  -0.01076  0.00113
-5.869141  -0.01063  0.00016
-5.847168  -0.01084  0.00102
-5.825195  -0.01013  0.00043
-5.803223  -0.01044  0.00074
-5.78125  -0.01070  0.00065
-5.759277  -0.01007  0.00056
-5.737305  -0.01095  0.00068
-5.715332  -0.01056  0.00060
-5.693359  -0.00997  0.00062
-5.671387  -0.01062  0.00117
-5.649414  -0.01034  0.00069
-5.627441  -0.01062  0.00091
-5.605469  -0.01013  0.00068
-5.583496  -0.00991  0.00063
-5.561523  -0.01028  0.00130
-5.539551  -0.01059  0.00102
-5.517578  -0.01074  0.00084
-5.495605  -0.01034  0.00075
-5.473633  -0.01005  0.00065
-5.45166  -0.01036  0.00101
-5.429688  -0.00997  0.00064
-5.407715  -0.01076  0.00060
-5.385742  -0.01004  0.00106
-5.36377  -0.01031  0.00054
-5.341797  -0.01027  0.00070
-5.319824  -0.01075  0.00078
-5.297852  -0.01001  0.00046
-5.275879  -0.01050  0.00094
-5.253906  -0.01009  0.00035
-5.231934  -0.01034  0.00102
-5.209961  -0.01038  0.00033
-5.187988  -0.00962  0.00035
-5.166016  -0.01043  0.00082
-5.144043  -0.00991  0.00022
-5.12207  -0.01019  0.00062
-5.100098  -0.01051  0.00134
-5.078125  -0.00971  0.00016
-5.056152  -0.00995  0.00105
-5.03418  -0.01065  0.00089
-5.012207  -0.01012  0.00062
-4.990234  -0.01043  0.00048
-4.968262  -0.01035  0.00115
-4.946289  -0.01049  0.00048
-4.924316  -0.01015  0.00053
-4.902344  -0.01053  0.00098
-4.880371  -0.00959  0.00091
-4.858398  -0.01015  0.00075
-4.836426  -0.01024  0.00048
-4.814453  -0.01005  0.00087
-4.79248  -0.01070  0.00042
-4.770508  -0.00984  0.00054
-4.748535  -0.00976  0.00104
-4.726563  -0.01037  0.00031
-4.70459  -0.00984  0.00070
-4.682617  -0.01024  0.00051
-4.660645  -0.00966  0.00088
-4.638672  -0.01000  0.00066
-4.616699  -0.00962  0.00065
-4.594727  -0.00991  0.00097
-4.572754  -0.01039  0.00072
-4.550781  -0.01015  0.00061
-4.528809  -0.00976  0.00042
-4.506836  -0.01032  0.00114
-4.484863  -0.00996  0.00060
-4.462891  -0.00999  0.00117
-4.440918  -0.01034  0.00071
-4.418945  -0.00987  0.00043
-4.396973  -0.01015  0.00100
-4.375  -0.01008  0.00039
-4.353027  -0.01017  0.00058
-4.331055  -0.00949  0.00026
-4.309082  -0.01004  0.00059
-4.287109  -0.01007  0.00091
-4.265137  -0.00916  0.00034
-4.243164  -0.01005  0.00060
-4.221191  -0.01018  0.00072
-4.199219  -0.00981  0.00061
-4.177246  -0.01042  0.00062
-4.155273  -0.01011  0.00136
-4.133301  -0.01000  0.00042
-4.111328  -0.01010  0.00113
-4.089355  -0.01016  0.00105
-4.067383  -0.00981  0.00042
-4.04541  -0.00964  0.00075
-4.023438  -0.01002  0.00072
-4.001465  -0.00972  0.00077
-3.979492  -0.00977  0.00052
-3.95752  -0.01025  0.00103
-3.935547  -0.00917  0.00092
-3.913574  -0.00984  0.00050
-3.891602  -0.00940  0.00109
-3.869629  -0.00991  0.00074
-3.847656  -0.00981  0.00105
-3.825684  -0.00965  0.00082
-3.803711  -0.01014  0.00105
-3.781738  -0.00936  0.00042
-3.759766  -0.00992  0.00085
-3.737793  -0.01000  0.00068
-3.71582  -0.00926  0.00063
-3.693848  -0.01030  0.00071
-3.671875  -0.00977  0.00091
-3.649902  -0.00984  0.00081
-3.62793  -0.00995  0.00072
-3.605957  -0.00963  0.00123
-3.583984  -0.01023  0.00058
-3.562012  -0.00977  0.00106
-3.540039  -0.00974  0.00074
-3.518066  -0.01003  0.00025
-3.496094  -0.00968  0.00118
-3.474121  -0.01000  0.00041
-3.452148  -0.00954  0.00100
-3.430176  -0.00987  0.00065
-3.408203  -0.00964  0.00047
-3.38623  -0.01008  0.00119
-3.364258  -0.01010  0.00053
-3.342285  -0.00988  0.00100
-3.320313  -0.00990  0.00128
-3.29834  -0.01004  0.00071
-3.276367  -0.01028  0.00155
-3.254395  -0.00965  0.00141
-3.232422  -0.00979  0.00084
-3.210449  -0.00962  0.00101
-3.188477  -0.00940  0.00117
-3.166504  -0.00902  0.00081
-3.144531  -0.00921  0.00036
-3.122559  -0.00947  0.00085
-3.100586  -0.00999  0.00078
-3.078613  -0.00888  0.00119
-3.056641  -0.00977  0.00087
-3.034668  -0.00899  0.00046
-3.012695  -0.00956  0.00099
-2.990723  -0.00947  0.00071
-2.96875  -0.00899  0.00037
-2.946777  -0.00922  0.00073
-2.924805  -0.00896  0.00068
-2.902832  -0.00899  0.00074
-2.880859  -0.00971  0.00072
-2.858887  -0.00931  0.00080
-2.836914  -0.00881  0.00063
-2.814941  -0.00908  0.00085
-2.792969  -0.00900  0.00060
-2.770996  -0.00933  0.00102
-2.749023  -0.00894  0.00045
-2.727051  -0.00931  0.00096
-2.705078  -0.00856  0.00072
-2.683105  -0.00887  0.00097
-2.661133  -0.00896  0.00114
-2.63916  -0.00863  0.00074
-2.617188  -0.00909  0.00072
-2.595215  -0.00886  0.00093
-2.573242  -0.00865  0.00060
-2.55127  -0.00864  0.00090
-2.529297  -0.00822  0.00082
-2.507324  -0.00835  0.00107
-2.485352  -0.00901  0.00128
-2.463379  -0.00843  0.00063
-2.441406  -0.00869  0.00088
-2.419434  -0.00836  0.00031
-2.397461  -0.00877  0.00043
-2.375488  -0.00806  0.00083
-2.353516  -0.00795  0.00035
-2.331543  -0.00764  0.00079
-2.30957  -0.00818  0.00098
-2.287598  -0.00750  0.00074
-2.265625  -0.00720  0.00061
-2.243652  -0.00808  0.00048
-2.22168  -0.00796  0.00022
-2.199707  -0.00771  0.00090
-2.177734  -0.00806  0.00038
-2.155762  -0.00743  0.00082
-2.133789  -0.00718  0.00062
-2.111816  -0.00762  0.00085
-2.089844  -0.00762  0.00025
-2.067871  -0.00736  0.00057
-2.045898  -0.00690  0.00100
-2.023926  -0.00704  0.00055
-2.001953  -0.00676  0.00035
-1.979981  -0.00638  0.00054
-1.958008  -0.00675  0.00060
-1.936035  -0.00749  0.00101
-1.914063  -0.00594  0.00068
-1.89209  -0.00616  0.00087
-1.870117  -0.00599  0.00028
-1.848145  -0.00624  0.00124
-1.826172  -0.00559  0.00070
-1.804199  -0.00562  0.00107
-1.782227  -0.00538  0.00039
-1.760254  -0.00574  0.00060
-1.738281  -0.00570  0.00114
-1.716309  -0.00515  0.00036
-1.694336  -0.00578  0.00086
-1.672363  -0.00446  0.00091
-1.650391  -0.00455  0.00073
-1.628418  -0.00509  0.00093
-1.606445  -0.00479  0.00053
-1.584473  -0.00485  0.00066
-1.5625  -0.00403  0.00034
-1.540527  -0.00471  0.00071
-1.518555  -0.00302  0.00084
-1.496582  -0.00284  0.00110
-1.474609  -0.00318  0.00112
-1.452637  -0.00363  0.00063
-1.430664  -0.00318  0.00067
-1.408691  -0.00265  0.00028
-1.386719  -0.00296  0.00059
-1.364746  -0.00219  0.00026
-1.342773  -0.00201  0.00032
-1.320801  -0.00152  0.00051
-1.298828  -0.00185  0.00059
-1.276856  -0.00157  0.00037
-1.254883  -0.00078  0.00047
-1.23291  -0.00046  0.00089
-1.210938  -0.00025  0.00060
-1.188965  -0.00022  0.00094
-1.166992  -0.00012  0.00059
-1.14502  0.00014  0.00061
-1.123047  0.00033  0.00069
-1.101074  0.00032  0.00077
-1.079102  0.00097  0.00108
-1.057129  0.00205  0.00062
-1.035156  0.00266  0.00118
-1.013184  0.00272  0.00065
-0.991211  0.00316  0.00078
-0.9692383  0.00297  0.00061
-0.9472657  0.00401  0.00036
-0.925293  0.00444  0.00067
-0.9033203  0.00441  0.00056
-0.8813477  0.00476  0.00012
-0.859375  0.00543  0.00060
-0.8374024  0.00591  0.00030
-0.8154297  0.00709  0.00074
-0.7934571  0.00774  0.00063
-0.7714844  0.00790  0.00039
-0.7495118  0.00864  0.00036
-0.7275391  0.00969  0.00017
-0.7055664  0.01047  0.00073
-0.6835938  0.01233  0.00058
-0.6616211  0.01288  0.00045
-0.6396485  0.01489  0.00034
-0.6176758  0.01659  0.00040
-0.5957032  0.01849  0.00045
-0.5737305  0.02227  0.00048
-0.5517579  0.02622  0.00055
-0.5297852  0.03113  0.00089
-0.5078125  0.03788  0.00136
-0.4858399  0.04622  0.00146
-0.4638672  0.05700  0.00219
-0.4418946  0.07026  0.00292
-0.4199219  0.08547  0.00417
-0.3979493  0.10515  0.00533
-0.3759766  0.12756  0.00650
-0.3540039  0.15391  0.00867
-0.3320313  0.18524  0.01124
-0.3100586  0.22145  0.01314
-0.288086  0.26264  0.01683
-0.2661133  0.30777  0.02020
-0.2441407  0.36090  0.02385
-0.222168  0.41717  0.02807
-0.2001954  0.48135  0.03299
-0.1782227  0.54988  0.03871
-0.15625  0.62380  0.04403
-0.1342774  0.70339  0.05010
-0.1123047  0.78694  0.05706
-0.09033207  0.87682  0.06432
-0.06835942  0.97074  0.07058
-0.04638676  1.06824  0.07792
-0.0244141  1.16994  0.08630
-0.002441447  1.27477  0.09534
0.01953121  1.38028  0.10244
