-9.978027E+0	-1.921045E-1
-9.956055E+0	-1.040203E-1
-9.934082E+0	-7.463521E-2
-9.912109E+0	-5.843346E-2
-9.890137E+0	-4.681851E-2
-9.868164E+0	-4.088822E-2
-9.846191E+0	-3.433749E-2
-9.824219E+0	-3.277896E-2
-9.802246E+0	-2.980198E-2
-9.780273E+0	-2.738233E-2
-9.758301E+0	-2.481766E-2
-9.736328E+0	-2.409167E-2
-9.714355E+0	-2.334101E-2
-9.692383E+0	-2.246508E-2
-9.670410E+0	-2.126166E-2
-9.648438E+0	-2.013124E-2
-9.626465E+0	-1.953447E-2
-9.604492E+0	-1.836754E-2
-9.582520E+0	-1.904323E-2
-9.560547E+0	-1.842870E-2
-9.538574E+0	-1.784080E-2
-9.516602E+0	-1.890415E-2
-9.494629E+0	-1.745709E-2
-9.472656E+0	-1.740382E-2
-9.450684E+0	-1.502066E-2
-9.428711E+0	-1.721246E-2
-9.406738E+0	-1.600707E-2
-9.384766E+0	-1.533927E-2
-9.362793E+0	-1.572890E-2
-9.340820E+0	-1.483324E-2
-9.318848E+0	-1.508774E-2
-9.296875E+0	-1.479774E-2
-9.274902E+0	-1.408062E-2
-9.252930E+0	-1.489736E-2
-9.230957E+0	-1.437062E-2
-9.208984E+0	-1.303996E-2
-9.187012E+0	-1.426902E-2
-9.165039E+0	-1.393857E-2
-9.143066E+0	-1.328163E-2
-9.121094E+0	-1.373735E-2
-9.099121E+0	-1.338421E-2
-9.077148E+0	-1.344438E-2
-9.055176E+0	-1.298472E-2
-9.033203E+0	-1.305081E-2
-9.011230E+0	-1.365745E-2
-8.989258E+0	-1.220743E-2
-8.967285E+0	-1.282689E-2
-8.945313E+0	-1.203086E-2
-8.923340E+0	-1.309815E-2
-8.901367E+0	-1.317115E-2
-8.879395E+0	-1.241655E-2
-8.857422E+0	-1.276475E-2
-8.835449E+0	-1.266512E-2
-8.813477E+0	-1.230804E-2
-8.791504E+0	-1.236525E-2
-8.769531E+0	-1.185331E-2
-8.747559E+0	-1.199535E-2
-8.725586E+0	-1.173395E-2
-8.703613E+0	-1.147551E-2
-8.681641E+0	-1.082942E-2
-8.659668E+0	-1.070907E-2
-8.637695E+0	-1.022080E-2
-8.615723E+0	-1.107306E-2
-8.593750E+0	-1.066666E-2
-8.571777E+0	-1.071105E-2
-8.549805E+0	-1.008172E-2
-8.527832E+0	-1.120721E-2
-8.505859E+0	-1.014485E-2
-8.483887E+0	-1.002944E-2
-8.461914E+0	-1.008468E-2
-8.439941E+0	-1.068639E-2
-8.417969E+0	-8.476832E-3
-8.395996E+0	-1.058183E-2
-8.374023E+0	-8.549827E-3
-8.352051E+0	-8.098052E-3
-8.330078E+0	-9.263984E-3
-8.308105E+0	-1.051278E-2
-8.286133E+0	-8.964117E-3
-8.264160E+0	-1.084125E-2
-8.242188E+0	-1.035002E-2
-8.220215E+0	-1.056802E-2
-8.198242E+0	-1.018924E-2
-8.176270E+0	-1.156922E-2
-8.154297E+0	-1.000083E-2
-8.132324E+0	-1.054730E-2
-8.110352E+0	-1.029084E-2
-8.088379E+0	-1.025927E-2
-8.066406E+0	-1.071598E-2
-8.044434E+0	-1.064200E-2
-8.022461E+0	-1.307152E-2
-8.000488E+0	-1.652493E-2
-7.978516E+0	-1.029084E-2
-7.956543E+0	-1.032043E-2
-7.934570E+0	-9.210720E-3
-7.912598E+0	-1.110462E-2
-7.890625E+0	-1.136701E-2
-7.868652E+0	-1.226168E-2
-7.846680E+0	-1.145973E-2
-7.824707E+0	-1.058775E-2
-7.802734E+0	-1.295414E-2
-7.780762E+0	-1.210780E-2
-7.758789E+0	-1.037271E-2
-7.736816E+0	-1.046050E-2
-7.714844E+0	-9.142658E-3
-7.692871E+0	-8.801361E-3
-7.670898E+0	-1.187895E-2
-7.648926E+0	-9.955458E-3
-7.626953E+0	-1.042795E-2
-7.604980E+0	-1.088367E-2
-7.583008E+0	-1.166293E-2
-7.561035E+0	-1.257338E-2
-7.539063E+0	-1.267794E-2
-7.517090E+0	-1.048615E-2
-7.495117E+0	-1.035002E-2
-7.473145E+0	-9.792701E-3
-7.451172E+0	-9.951512E-3
-7.429199E+0	-1.019417E-2
-7.407227E+0	-1.112139E-2
-7.385254E+0	-1.192531E-2
-7.363281E+0	-1.029380E-2
-7.341309E+0	-1.114704E-2
-7.319336E+0	-1.041710E-2
-7.297363E+0	-1.012907E-2
-7.275391E+0	-1.136997E-2
-7.253418E+0	-1.043485E-2
-7.231445E+0	-1.101091E-2
-7.209473E+0	-1.015964E-2
-7.187500E+0	-1.094976E-2
-7.165527E+0	-1.115690E-2
-7.143555E+0	-1.067948E-2
-7.121582E+0	-9.330075E-3
-7.099609E+0	-1.130980E-2
-7.077637E+0	-9.237353E-3
-7.055664E+0	-1.064890E-2
-7.033691E+0	-1.073768E-2
-7.011719E+0	-1.056605E-2
-6.989746E+0	-1.091622E-2
-6.967773E+0	-9.824265E-3
-6.945801E+0	-1.060846E-2
-6.923828E+0	-1.104544E-2
-6.901855E+0	-1.040230E-2
-6.879883E+0	-1.011427E-2
-6.857910E+0	-8.583364E-3
-6.835938E+0	-9.783823E-3
-6.813965E+0	-9.781850E-3
-6.791992E+0	-9.439566E-3
-6.770020E+0	-1.072979E-2
-6.748047E+0	-1.057492E-2
-6.726074E+0	-1.076530E-2
-6.704102E+0	-1.036876E-2
-6.682129E+0	-1.011427E-2
-6.660156E+0	-1.135813E-2
-6.638184E+0	-1.009750E-2
-6.616211E+0	-1.063805E-2
-6.594238E+0	-1.028492E-2
-6.572266E+0	-9.081500E-3
-6.550293E+0	-9.454362E-3
-6.528320E+0	-9.255109E-3
-6.506348E+0	-1.021291E-2
-6.484375E+0	-1.058972E-2
-6.462402E+0	-9.376437E-3
-6.440430E+0	-1.085605E-2
-6.418457E+0	-9.806511E-3
-6.396484E+0	-1.010342E-2
-6.374512E+0	-9.959404E-3
-6.352539E+0	-9.140685E-3
-6.330566E+0	-1.073275E-2
-6.308594E+0	-1.009356E-2
-6.286621E+0	-1.036679E-2
-6.264648E+0	-1.094384E-2
-6.242676E+0	-9.848926E-3
-6.220703E+0	-1.043781E-2
-6.198730E+0	-9.960391E-3
-6.176758E+0	-1.026815E-2
-6.154785E+0	-1.024546E-2
-6.132813E+0	-9.408988E-3
-6.110840E+0	-1.067652E-2
-6.088867E+0	-1.005804E-2
-6.066895E+0	-8.426526E-3
-6.044922E+0	-1.084125E-2
-6.022949E+0	-9.712801E-3
-6.000977E+0	-9.498751E-3
-5.979004E+0	-9.960390E-3
-5.957031E+0	-9.160413E-3
-5.935059E+0	-1.029873E-2
-5.913086E+0	-1.137293E-2
-5.891113E+0	-9.702937E-3
-5.869141E+0	-1.066370E-2
-5.847168E+0	-9.456334E-3
-5.825195E+0	-9.698006E-3
-5.803223E+0	-1.075642E-2
-5.781250E+0	-1.011131E-2
-5.759277E+0	-9.418852E-3
-5.737305E+0	-1.047135E-2
-5.715332E+0	-9.975185E-3
-5.693359E+0	-9.902192E-3
-5.671387E+0	-9.987021E-3
-5.649414E+0	-9.896273E-3
-5.627441E+0	-1.039046E-2
-5.605469E+0	-9.140684E-3
-5.583496E+0	-1.013597E-2
-5.561523E+0	-9.716746E-3
-5.539551E+0	-1.004621E-2
-5.517578E+0	-1.021784E-2
-5.495605E+0	-9.530315E-3
-5.473633E+0	-1.044767E-2
-5.451660E+0	-9.818347E-3
-5.429688E+0	-8.860545E-3
-5.407715E+0	-1.084224E-2
-5.385742E+0	-9.245244E-3
-5.363770E+0	-1.027801E-2
-5.341797E+0	-1.009158E-2
-5.319824E+0	-1.007679E-2
-5.297852E+0	-1.033029E-2
-5.275879E+0	-9.620079E-3
-5.253906E+0	-9.920932E-3
-5.231934E+0	-1.103853E-2
-5.209961E+0	-1.012315E-2
-5.187988E+0	-9.385312E-3
-5.166016E+0	-1.061043E-2
-5.144043E+0	-9.908110E-3
-5.122070E+0	-9.436607E-3
-5.100098E+0	-9.458307E-3
-5.078125E+0	-9.499737E-3
-5.056152E+0	-1.047924E-2
-5.034180E+0	-9.728582E-3
-5.012207E+0	-9.215651E-3
-4.990234E+0	-1.078108E-2
-4.968262E+0	-8.844761E-3
-4.946289E+0	-1.130092E-2
-4.924316E+0	-9.475075E-3
-4.902344E+0	-1.062720E-2
-4.880371E+0	-8.973979E-3
-4.858398E+0	-9.826237E-3
-4.836426E+0	-9.615146E-3
-4.814453E+0	-9.117996E-3
-4.792480E+0	-1.036087E-2
-4.770508E+0	-1.047924E-2
-4.748535E+0	-8.703704E-3
-4.726563E+0	-1.004917E-2
-4.704590E+0	-8.588295E-3
-4.682617E+0	-1.018628E-2
-4.660645E+0	-8.843775E-3
-4.638672E+0	-9.561880E-3
-4.616699E+0	-9.783822E-3
-4.594727E+0	-8.731324E-3
-4.572754E+0	-1.000971E-2
-4.550781E+0	-1.051869E-2
-4.528809E+0	-9.126874E-3
-4.506836E+0	-1.063213E-2
-4.484863E+0	-9.836102E-3
-4.462891E+0	-8.339720E-3
-4.440918E+0	-9.558921E-3
-4.418945E+0	-9.227488E-3
-4.396973E+0	-1.070513E-2
-4.375000E+0	-9.381367E-3
-4.353027E+0	-1.054631E-2
-4.331055E+0	-9.413919E-3
-4.309082E+0	-8.970035E-3
-4.287109E+0	-9.328101E-3
-4.265137E+0	-8.894082E-3
-4.243164E+0	-1.067751E-2
-4.221191E+0	-1.000182E-2
-4.199219E+0	-9.120955E-3
-4.177246E+0	-1.007481E-2
-4.155273E+0	-1.072979E-2
-4.133301E+0	-1.037073E-2
-4.111328E+0	-8.823061E-3
-4.089355E+0	-9.845965E-3
-4.067383E+0	-9.672357E-3
-4.045410E+0	-8.500505E-3
-4.023438E+0	-9.878517E-3
-4.001465E+0	-1.009059E-2
-3.979492E+0	-9.808482E-3
-3.957520E+0	-1.091523E-2
-3.935547E+0	-7.907673E-3
-3.913574E+0	-9.810454E-3
-3.891602E+0	-1.096455E-2
-3.869629E+0	-9.082485E-3
-3.847656E+0	-1.078798E-2
-3.825684E+0	-8.606050E-3
-3.803711E+0	-1.075247E-2
-3.781738E+0	-9.163371E-3
-3.759766E+0	-9.658546E-3
-3.737793E+0	-9.739433E-3
-3.715820E+0	-8.899012E-3
-3.693848E+0	-9.926850E-3
-3.671875E+0	-9.779876E-3
-3.649902E+0	-8.766835E-3
-3.627930E+0	-1.007876E-2
-3.605957E+0	-9.411945E-3
-3.583984E+0	-1.073472E-2
-3.562012E+0	-1.028886E-2
-3.540039E+0	-8.394958E-3
-3.518066E+0	-9.915013E-3
-3.496094E+0	-8.312100E-3
-3.474121E+0	-9.769024E-3
-3.452148E+0	-8.315060E-3
-3.430176E+0	-9.695044E-3
-3.408203E+0	-9.896271E-3
-3.386230E+0	-8.557714E-3
-3.364258E+0	-9.767052E-3
-3.342285E+0	-9.104186E-3
-3.320313E+0	-7.686717E-3
-3.298340E+0	-9.784807E-3
-3.276367E+0	-9.317250E-3
-3.254395E+0	-7.556511E-3
-3.232422E+0	-1.046148E-2
-3.210449E+0	-8.759928E-3
-3.188477E+0	-1.019811E-2
-3.166504E+0	-8.629723E-3
-3.144531E+0	-9.392216E-3
-3.122559E+0	-9.234391E-3
-3.100586E+0	-1.006593E-2
-3.078613E+0	-9.490856E-3
-3.056641E+0	-9.203812E-3
-3.034668E+0	-8.531081E-3
-3.012695E+0	-8.336758E-3
-2.990723E+0	-9.037109E-3
-2.968750E+0	-8.502476E-3
-2.946777E+0	-9.698987E-3
-2.924805E+0	-8.804316E-3
-2.902832E+0	-9.273847E-3
-2.880859E+0	-8.839827E-3
-2.858887E+0	-8.469923E-3
-2.836914E+0	-8.444278E-3
-2.814941E+0	-8.892107E-3
-2.792969E+0	-9.513543E-3
-2.770996E+0	-8.526148E-3
-2.749023E+0	-8.972006E-3
-2.727051E+0	-9.189015E-3
-2.705078E+0	-7.830730E-3
-2.683105E+0	-8.828976E-3
-2.661133E+0	-9.597387E-3
-2.639160E+0	-7.883010E-3
-2.617188E+0	-8.821085E-3
-2.595215E+0	-7.802125E-3
-2.573242E+0	-8.573496E-3
-2.551270E+0	-8.203592E-3
-2.529297E+0	-6.822621E-3
-2.507324E+0	-7.363173E-3
-2.485352E+0	-9.451398E-3
-2.463379E+0	-8.552781E-3
-2.441406E+0	-8.184850E-3
-2.419434E+0	-8.308152E-3
-2.397461E+0	-8.570536E-3
-2.375488E+0	-7.669946E-3
-2.353516E+0	-7.641340E-3
-2.331543E+0	-7.936276E-3
-2.309570E+0	-7.846513E-3
-2.287598E+0	-7.804096E-3
-2.265625E+0	-6.441867E-3
-2.243652E+0	-7.898792E-3
-2.221680E+0	-8.209511E-3
-2.199707E+0	-6.745681E-3
-2.177734E+0	-7.737021E-3
-2.155762E+0	-6.383670E-3
-2.133789E+0	-6.557277E-3
-2.111816E+0	-7.636407E-3
-2.089844E+0	-7.250721E-3
-2.067871E+0	-7.877091E-3
-2.045898E+0	-5.694170E-3
-2.023926E+0	-6.235708E-3
-2.001953E+0	-6.737789E-3
-1.979981E+0	-6.302783E-3
-1.958008E+0	-7.783381E-3
-1.936035E+0	-7.411506E-3
-1.914063E+0	-6.248530E-3
-1.892090E+0	-4.817253E-3
-1.870117E+0	-6.238665E-3
-1.848145E+0	-6.742721E-3
-1.826172E+0	-4.691979E-3
-1.804199E+0	-4.034045E-3
-1.782227E+0	-5.426853E-3
-1.760254E+0	-5.675427E-3
-1.738281E+0	-4.985928E-3
-1.716309E+0	-5.654713E-3
-1.694336E+0	-5.902301E-3
-1.672363E+0	-3.658223E-3
-1.650391E+0	-4.046868E-3
-1.628418E+0	-3.927513E-3
-1.606445E+0	-5.358790E-3
-1.584473E+0	-4.212584E-3
-1.562500E+0	-4.391124E-3
-1.540527E+0	-4.567691E-3
-1.518555E+0	-2.906580E-3
-1.496582E+0	-2.165787E-3
-1.474609E+0	-2.195379E-3
-1.452637E+0	-3.643426E-3
-1.430664E+0	-3.194610E-3
-1.408691E+0	-3.007193E-3
-1.386719E+0	-3.479680E-3
-1.364746E+0	-2.381810E-3
-1.342773E+0	-1.840272E-3
-1.320801E+0	-6.467187E-4
-1.298828E+0	-9.949205E-4
-1.276856E+0	-1.698228E-3
-1.254883E+0	-1.203052E-3
-1.232910E+0	4.363581E-4
-1.210938E+0	3.505410E-4
-1.188965E+0	-2.363718E-4
-1.166992E+0	2.844514E-4
-1.145020E+0	7.174844E-4
-1.123047E+0	3.860519E-4
-1.101074E+0	9.926936E-4
-1.079102E+0	1.663451E-3
-1.057129E+0	1.124871E-3
-1.035156E+0	1.280725E-3
-1.013184E+0	1.795630E-3
-9.912110E-1	3.706302E-3
-9.692383E-1	2.672546E-3
-9.472657E-1	4.431312E-3
-9.252930E-1	4.675941E-3
-9.033203E-1	4.970877E-3
-8.813477E-1	4.687779E-3
-8.593750E-1	5.146458E-3
-8.374024E-1	5.444353E-3
-8.154297E-1	8.025782E-3
-7.934571E-1	8.759670E-3
-7.714844E-1	8.463748E-3
-7.495118E-1	8.759670E-3
-7.275391E-1	9.432401E-3
-7.055664E-1	1.182345E-2
-6.835938E-1	1.207400E-2
-6.616211E-1	1.331490E-2
-6.396485E-1	1.487145E-2
-6.176758E-1	1.581841E-2
-5.957032E-1	1.785336E-2
-5.737305E-1	2.169444E-2
-5.517579E-1	2.602082E-2
-5.297852E-1	3.074374E-2
-5.078125E-1	3.571031E-2
-4.858399E-1	4.446862E-2
-4.638672E-1	5.492849E-2
-4.418946E-1	6.862082E-2
-4.199219E-1	8.132279E-2
-3.979493E-1	1.013804E-1
-3.759766E-1	1.224747E-1
-3.540039E-1	1.475946E-1
-3.320313E-1	1.761590E-1
-3.100586E-1	2.103656E-1
-2.880860E-1	2.493071E-1
-2.661133E-1	2.910203E-1
-2.441407E-1	3.412787E-1
-2.221680E-1	3.942410E-1
-2.001954E-1	4.547946E-1
-1.782227E-1	5.181920E-1
-1.562500E-1	5.889707E-1
-1.342774E-1	6.638124E-1
-1.123047E-1	7.415108E-1
-9.033207E-2	8.244263E-1
-6.835942E-2	9.130688E-1
-4.638676E-2	1.006753E+0
-2.441410E-2	1.100216E+0
-2.441447E-3	1.197449E+0
1.953121E-2	1.298398E+0
