-9.978027  -0.17424  0.00522
-9.956055  -0.09341  0.00168
-9.934082  -0.06633  0.00149
-9.912109  -0.05155  0.00107
-9.890137  -0.04282  0.00091
-9.868164  -0.03570  0.00046
-9.846191  -0.03208  0.00123
-9.824219  -0.02787  0.00126
-9.802246  -0.02601  0.00046
-9.780273  -0.02476  0.00072
-9.758301  -0.02213  0.00099
-9.736328  -0.02129  0.00109
-9.714355  -0.01986  0.00087
-9.692383  -0.01790  0.00124
-9.67041  -0.01761  0.00057
-9.648438  -0.01666  0.00063
-9.626465  -0.01640  0.00090
-9.604492  -0.01582  0.00070
-9.58252  -0.01488  0.00137
-9.560547  -0.01538  0.00075
-9.538574  -0.01438  0.00084
-9.516602  -0.01493  0.00111
-9.494629  -0.01362  0.00077
-9.472656  -0.01476  0.00133
-9.450684  -0.01394  0.00138
-9.428711  -0.01342  0.00072
-9.406738  -0.01271  0.00039
-9.384766  -0.01253  0.00120
-9.362793  -0.01258  0.00069
-9.34082  -0.01124  0.00222
-9.318848  -0.01197  0.00082
-9.296875  -0.01254  0.00114
-9.274902  -0.01121  0.00070
-9.25293  -0.01167  0.00136
-9.230957  -0.01153  0.00019
-9.208984  -0.01154  0.00068
-9.187012  -0.01206  0.00130
-9.165039  -0.01140  0.00043
-9.143066  -0.01102  0.00100
-9.121094  -0.01121  0.00063
-9.099121  -0.01081  0.00088
-9.077148  -0.01137  0.00027
-9.055176  -0.01114  0.00104
-9.033203  -0.01065  0.00041
-9.01123  -0.01102  0.00039
-8.989258  -0.00969  0.00034
-8.967285  -0.01025  0.00134
-8.945313  -0.01065  0.00108
-8.92334  -0.01044  0.00073
-8.901367  -0.01046  0.00065
-8.879395  -0.01062  0.00092
-8.857422  -0.01054  0.00144
-8.835449  -0.01046  0.00081
-8.813477  -0.01007  0.00032
-8.791504  -0.01048  0.00090
-8.769531  -0.01005  0.00081
-8.747559  -0.01012  0.00087
-8.725586  -0.01124  0.00220
-8.703613  -0.00972  0.00069
-8.681641  -0.01060  0.00080
-8.659668  -0.00956  0.00095
-8.637695  -0.00977  0.00063
-8.615723  -0.01005  0.00057
-8.59375  -0.00919  0.00049
-8.571777  -0.00975  0.00064
-8.549805  -0.00890  0.00075
-8.527832  -0.00930  0.00064
-8.505859  -0.00949  0.00069
-8.483887  -0.00896  0.00088
-8.461914  -0.00886  0.00073
-8.439941  -0.00934  0.00056
-8.417969  -0.00876  0.00075
-8.395996  -0.01008  0.00077
-8.374023  -0.00912  0.00122
-8.352051  -0.00883  0.00063
-8.330078  -0.00846  0.00099
-8.308105  -0.00973  0.00147
-8.286133  -0.01000  0.00087
-8.26416  -0.00874  0.00100
-8.242188  -0.00902  0.00057
-8.220215  -0.00841  0.00088
-8.198242  -0.00899  0.00041
-8.17627  -0.00922  0.00070
-8.154297  -0.00920  0.00070
-8.132324  -0.00910  0.00055
-8.110352  -0.00887  0.00037
-8.088379  -0.00867  0.00114
-8.066406  -0.00888  0.00051
-8.044434  -0.00913  0.00064
-8.022461  -0.00811  0.00052
-8.000488  -0.00826  0.00177
-7.978516  -0.00870  0.00080
-7.956543  -0.00919  0.00076
-7.93457  -0.00813  0.00096
-7.912598  -0.00868  0.00118
-7.890625  -0.00815  0.00074
-7.868652  -0.00869  0.00099
-7.84668  -0.00907  0.00087
-7.824707  -0.00803  0.00048
-7.802734  -0.00866  0.00035
-7.780762  -0.00880  0.00081
-7.758789  -0.00863  0.00058
-7.736816  -0.00891  0.00041
-7.714844  -0.00870  0.00090
-7.692871  -0.00753  0.00068
-7.670898  -0.00816  0.00059
-7.648926  -0.00849  0.00059
-7.626953  -0.00827  0.00056
-7.60498  -0.00834  0.00042
-7.583008  -0.00826  0.00059
-7.561035  -0.00824  0.00061
-7.539063  -0.00746  0.00132
-7.51709  -0.00824  0.00093
-7.495117  -0.00804  0.00103
-7.473145  -0.00806  0.00058
-7.451172  -0.00807  0.00047
-7.429199  -0.00848  0.00073
-7.407227  -0.00753  0.00061
-7.385254  -0.00785  0.00119
-7.363281  -0.00838  0.00044
-7.341309  -0.00769  0.00022
-7.319336  -0.00825  0.00045
-7.297363  -0.00846  0.00075
-7.275391  -0.00816  0.00039
-7.253418  -0.00847  0.00074
-7.231445  -0.00769  0.00108
-7.209473  -0.00853  0.00124
-7.1875  -0.00798  0.00041
-7.165527  -0.00791  0.00084
-7.143555  -0.00807  0.00079
-7.121582  -0.00702  0.00102
-7.099609  -0.00822  0.00054
-7.077637  -0.00786  0.00044
-7.055664  -0.00786  0.00098
-7.033691  -0.00849  0.00089
-7.011719  -0.00772  0.00076
-6.989746  -0.00733  0.00101
-6.967773  -0.00794  0.00095
-6.945801  -0.00660  0.00060
-6.923828  -0.00794  0.00019
-6.901855  -0.00803  0.00111
-6.879883  -0.00732  0.00062
-6.85791  -0.00841  0.00038
-6.835938  -0.00750  0.00104
-6.813965  -0.00795  0.00086
-6.791992  -0.00801  0.00063
-6.77002  -0.00738  0.00034
-6.748047  -0.00820  0.00068
-6.726074  -0.00741  0.00104
-6.704102  -0.00762  0.00077
-6.682129  -0.00830  0.00065
-6.660156  -0.00733  0.00035
-6.638184  -0.00783  0.00044
-6.616211  -0.00836  0.00057
-6.594238  -0.00727  0.00050
-6.572266  -0.00810  0.00040
-6.550293  -0.00752  0.00093
-6.52832  -0.00721  0.00040
-6.506348  -0.00798  0.00065
-6.484375  -0.00773  0.00105
-6.462402  -0.00767  0.00073
-6.44043  -0.00752  0.00037
-6.418457  -0.00808  0.00066
-6.396484  -0.00746  0.00055
-6.374512  -0.00793  0.00056
-6.352539  -0.00713  0.00156
-6.330566  -0.00730  0.00237
-6.308594  -0.00714  0.00055
-6.286621  -0.00797  0.00033
-6.264648  -0.00718  0.00104
-6.242676  -0.00785  0.00115
-6.220703  -0.00679  0.00053
-6.19873  -0.00718  0.00092
-6.176758  -0.00735  0.00074
-6.154785  -0.00718  0.00080
-6.132813  -0.00771  0.00029
-6.11084  -0.00693  0.00101
-6.088867  -0.00638  0.00170
-6.066895  -0.00758  0.00080
-6.044922  -0.00688  0.00068
-6.022949  -0.00809  0.00062
-6.000977  -0.00795  0.00056
-5.979004  -0.00725  0.00070
-5.957031  -0.00750  0.00170
-5.935059  -0.00729  0.00069
-5.913086  -0.00723  0.00103
-5.891113  -0.00718  0.00083
-5.869141  -0.00685  0.00074
-5.847168  -0.00691  0.00067
-5.825195  -0.00744  0.00056
-5.803223  -0.00820  0.00125
-5.78125  -0.00755  0.00146
-5.759277  -0.00775  0.00057
-5.737305  -0.00762  0.00057
-5.715332  -0.00725  0.00067
-5.693359  -0.00780  0.00050
-5.671387  -0.00777  0.00058
-5.649414  -0.00690  0.00032
-5.627441  -0.00757  0.00050
-5.605469  -0.00699  0.00123
-5.583496  -0.00770  0.00055
-5.561523  -0.00682  0.00087
-5.539551  -0.00795  0.00060
-5.517578  -0.00729  0.00063
-5.495605  -0.00635  0.00113
-5.473633  -0.00756  0.00035
-5.45166  -0.00724  0.00076
-5.429688  -0.00745  0.00051
-5.407715  -0.00782  0.00050
-5.385742  -0.00663  0.00062
-5.36377  -0.00789  0.00077
-5.341797  -0.00693  0.00087
-5.319824  -0.00749  0.00038
-5.297852  -0.00710  0.00083
-5.275879  -0.00743  0.00047
-5.253906  -0.00689  0.00068
-5.231934  -0.00719  0.00071
-5.209961  -0.00714  0.00057
-5.187988  -0.00725  0.00065
-5.166016  -0.00633  0.00127
-5.144043  -0.00706  0.00048
-5.12207  -0.00742  0.00063
-5.100098  -0.00705  0.00053
-5.078125  -0.00736  0.00109
-5.056152  -0.00747  0.00067
-5.03418  -0.00671  0.00053
-5.012207  -0.00709  0.00092
-4.990234  -0.00738  0.00097
-4.968262  -0.00716  0.00102
-4.946289  -0.00702  0.00042
-4.924316  -0.00707  0.00062
-4.902344  -0.00698  0.00065
-4.880371  -0.00716  0.00029
-4.858398  -0.00762  0.00100
-4.836426  -0.00744  0.00083
-4.814453  -0.00760  0.00062
-4.79248  -0.00721  0.00113
-4.770508  -0.00654  0.00091
-4.748535  -0.00668  0.00083
-4.726563  -0.00663  0.00086
-4.70459  -0.00699  0.00029
-4.682617  -0.00659  0.00031
-4.660645  -0.00767  0.00030
-4.638672  -0.00724  0.00090
-4.616699  -0.00717  0.00086
-4.594727  -0.00822  0.00088
-4.572754  -0.00720  0.00096
-4.550781  -0.00640  0.00123
-4.528809  -0.00737  0.00048
-4.506836  -0.00672  0.00033
-4.484863  -0.00671  0.00050
-4.462891  -0.00738  0.00062
-4.440918  -0.00713  0.00028
-4.418945  -0.00719  0.00115
-4.396973  -0.00656  0.00059
-4.375  -0.00774  0.00076
-4.353027  -0.00772  0.00111
-4.331055  -0.00712  0.00040
-4.309082  -0.00695  0.00100
-4.287109  -0.00616  0.00097
-4.265137  -0.00669  0.00105
-4.243164  -0.00688  0.00070
-4.221191  -0.00666  0.00034
-4.199219  -0.00685  0.00075
-4.177246  -0.00698  0.00081
-4.155273  -0.00698  0.00049
-4.133301  -0.00702  0.00029
-4.111328  -0.00679  0.00051
-4.089355  -0.00685  0.00045
-4.067383  -0.00669  0.00044
-4.04541  -0.00693  0.00016
-4.023438  -0.00729  0.00075
-4.001465  -0.00633  0.00065
-3.979492  -0.00707  0.00046
-3.95752  -0.00646  0.00048
-3.935547  -0.00666  0.00049
-3.913574  -0.00742  0.00053
-3.891602  -0.00643  0.00049
-3.869629  -0.00701  0.00052
-3.847656  -0.00676  0.00062
-3.825684  -0.00630  0.00068
-3.803711  -0.00669  0.00028
-3.781738  -0.00644  0.00039
-3.759766  -0.00661  0.00072
-3.737793  -0.00632  0.00029
-3.71582  -0.00687  0.00030
-3.693848  -0.00609  0.00040
-3.671875  -0.00681  0.00025
-3.649902  -0.00692  0.00105
-3.62793  -0.00689  0.00038
-3.605957  -0.00627  0.00053
-3.583984  -0.00679  0.00040
-3.562012  -0.00631  0.00109
-3.540039  -0.00636  0.00030
-3.518066  -0.00643  0.00066
-3.496094  -0.00636  0.00065
-3.474121  -0.00690  0.00162
-3.452148  -0.00653  0.00091
-3.430176  -0.00645  0.00050
-3.408203  -0.00643  0.00081
-3.38623  -0.00658  0.00075
-3.364258  -0.00659  0.00087
-3.342285  -0.00681  0.00041
-3.320313  -0.00623  0.00078
-3.29834  -0.00593  0.00067
-3.276367  -0.00678  0.00042
-3.254395  -0.00622  0.00030
-3.232422  -0.00693  0.00051
-3.210449  -0.00619  0.00061
-3.188477  -0.00667  0.00062
-3.166504  -0.00683  0.00094
-3.144531  -0.00687  0.00102
-3.122559  -0.00673  0.00093
-3.100586  -0.00592  0.00034
-3.078613  -0.00679  0.00144
-3.056641  -0.00620  0.00054
-3.034668  -0.00582  0.00041
-3.012695  -0.00617  0.00104
-2.990723  -0.00587  0.00034
-2.96875  -0.00650  0.00065
-2.946777  -0.00599  0.00047
-2.924805  -0.00594  0.00058
-2.902832  -0.00588  0.00020
-2.880859  -0.00568  0.00036
-2.858887  -0.00616  0.00111
-2.836914  -0.00588  0.00055
-2.814941  -0.00622  0.00059
-2.792969  -0.00558  0.00064
-2.770996  -0.00562  0.00081
-2.749023  -0.00561  0.00086
-2.727051  -0.00594  0.00044
-2.705078  -0.00539  0.00040
-2.683105  -0.00565  0.00050
-2.661133  -0.00588  0.00065
-2.63916  -0.00583  0.00024
-2.617188  -0.00636  0.00053
-2.595215  -0.00526  0.00080
-2.573242  -0.00559  0.00093
-2.55127  -0.00525  0.00048
-2.529297  -0.00573  0.00044
-2.507324  -0.00599  0.00064
-2.485352  -0.00576  0.00088
-2.463379  -0.00575  0.00048
-2.441406  -0.00477  0.00075
-2.419434  -0.00532  0.00045
-2.397461  -0.00463  0.00067
-2.375488  -0.00510  0.00051
-2.353516  -0.00524  0.00053
-2.331543  -0.00500  0.00113
-2.30957  -0.00587  0.00145
-2.287598  -0.00495  0.00048
-2.265625  -0.00526  0.00102
-2.243652  -0.00468  0.00060
-2.22168  -0.00499  0.00022
-2.199707  -0.00468  0.00040
-2.177734  -0.00423  0.00116
-2.155762  -0.00480  0.00049
-2.133789  -0.00421  0.00051
-2.111816  -0.00434  0.00032
-2.089844  -0.00448  0.00050
-2.067871  -0.00386  0.00047
-2.045898  -0.00384  0.00069
-2.023926  -0.00366  0.00052
-2.001953  -0.00382  0.00025
-1.979981  -0.00368  0.00078
-1.958008  -0.00433  0.00056
-1.936035  -0.00384  0.00114
-1.914063  -0.00388  0.00062
-1.89209  -0.00332  0.00094
-1.870117  -0.00242  0.00063
-1.848145  -0.00293  0.00039
-1.826172  -0.00259  0.00032
-1.804199  -0.00224  0.00089
-1.782227  -0.00275  0.00061
-1.760254  -0.00233  0.00045
-1.738281  -0.00180  0.00012
-1.716309  -0.00250  0.00049
-1.694336  -0.00167  0.00095
-1.672363  -0.00155  0.00030
-1.650391  -0.00126  0.00050
-1.628418  -0.00100  0.00072
-1.606445  -0.00094  0.00029
-1.584473  -0.00101  0.00038
-1.5625  -0.00043  0.00040
-1.540527  -0.00051  0.00043
-1.518555  0.00051  0.00037
-1.496582  0.00016  0.00026
-1.474609  0.00027  0.00065
-1.452637  0.00075  0.00042
-1.430664  0.00091  0.00061
-1.408691  0.00116  0.00073
-1.386719  0.00109  0.00039
-1.364746  0.00136  0.00063
-1.342773  0.00190  0.00027
-1.320801  0.00246  0.00026
-1.298828  0.00265  0.00061
-1.276856  0.00292  0.00022
-1.254883  0.00368  0.00041
-1.23291  0.00402  0.00033
-1.210938  0.00388  0.00059
-1.188965  0.00390  0.00075
-1.166992  0.00452  0.00021
-1.14502  0.00536  0.00044
-1.123047  0.00644  0.00118
-1.101074  0.00647  0.00034
-1.079102  0.00610  0.00115
-1.057129  0.00715  0.00051
-1.035156  0.00702  0.00090
-1.013184  0.00776  0.00022
-0.991211  0.00815  0.00034
-0.9692383  0.00880  0.00063
-0.9472657  0.00945  0.00016
-0.925293  0.00985  0.00077
-0.9033203  0.01110  0.00048
-0.8813477  0.01152  0.00040
-0.859375  0.01219  0.00061
-0.8374024  0.01243  0.00039
-0.8154297  0.01335  0.00046
-0.7934571  0.01342  0.00061
-0.7714844  0.01457  0.00087
-0.7495118  0.01575  0.00095
-0.7275391  0.01685  0.00058
-0.7055664  0.01725  0.00073
-0.6835938  0.01872  0.00044
-0.6616211  0.01950  0.00034
-0.6396485  0.02010  0.00157
-0.6176758  0.02225  0.00081
-0.5957032  0.02362  0.00041
-0.5737305  0.02507  0.00088
-0.5517579  0.02619  0.00044
-0.5297852  0.02885  0.00058
-0.5078125  0.03030  0.00035
-0.4858399  0.03257  0.00171
-0.4638672  0.03650  0.00038
-0.4418946  0.03967  0.00070
-0.4199219  0.04323  0.00025
-0.3979493  0.04740  0.00029
-0.3759766  0.05277  0.00056
-0.3540039  0.05948  0.00046
-0.3320313  0.06697  0.00175
-0.3100586  0.07526  0.00125
-0.288086  0.08436  0.00151
-0.2661133  0.09474  0.00168
-0.2441407  0.10635  0.00179
-0.222168  0.12020  0.00308
-0.2001954  0.13490  0.00319
-0.1782227  0.15125  0.00344
-0.15625  0.16864  0.00439
-0.1342774  0.18844  0.00482
-0.1123047  0.20891  0.00617
-0.09033207  0.23111  0.00660
-0.06835942  0.25480  0.00758
-0.04638676  0.27945  0.00849
-0.0244141  0.30588  0.00985
-0.002441447  0.33243  0.01056
0.01953121  0.36079  0.01216
