-9.978027  -0.17217  0.00410
-9.956055  -0.09342  0.00274
-9.934082  -0.06660  0.00296
-9.912109  -0.05023  0.00114
-9.890137  -0.04164  0.00258
-9.868164  -0.03421  0.00141
-9.846191  -0.02931  0.00132
-9.824219  -0.02661  0.00103
-9.802246  -0.02297  0.00076
-9.780273  -0.02196  0.00113
-9.758301  -0.02027  0.00109
-9.736328  -0.01843  0.00139
-9.714355  -0.01788  0.00063
-9.692383  -0.01664  0.00121
-9.67041  -0.01601  0.00143
-9.648438  -0.01544  0.00142
-9.626465  -0.01387  0.00168
-9.604492  -0.01461  0.00117
-9.58252  -0.01305  0.00074
-9.560547  -0.01289  0.00115
-9.538574  -0.01273  0.00128
-9.516602  -0.01190  0.00046
-9.494629  -0.01280  0.00068
-9.472656  -0.01095  0.00073
-9.450684  -0.01139  0.00087
-9.428711  -0.01159  0.00096
-9.406738  -0.00980  0.00083
-9.384766  -0.01057  0.00164
-9.362793  -0.01032  0.00074
-9.34082  -0.01055  0.00133
-9.318848  -0.00970  0.00032
-9.296875  -0.00999  0.00097
-9.274902  -0.00930  0.00169
-9.25293  -0.00959  0.00114
-9.230957  -0.00983  0.00095
-9.208984  -0.00867  0.00091
-9.187012  -0.00942  0.00102
-9.165039  -0.00878  0.00111
-9.143066  -0.00927  0.00148
-9.121094  -0.00929  0.00168
-9.099121  -0.00814  0.00058
-9.077148  -0.00916  0.00043
-9.055176  -0.00785  0.00088
-9.033203  -0.00818  0.00048
-9.01123  -0.00819  0.00083
-8.989258  -0.00844  0.00077
-8.967285  -0.00804  0.00138
-8.945313  -0.00775  0.00092
-8.92334  -0.00855  0.00151
-8.901367  -0.00827  0.00115
-8.879395  -0.00780  0.00055
-8.857422  -0.00842  0.00138
-8.835449  -0.00752  0.00105
-8.813477  -0.00780  0.00136
-8.791504  -0.00839  0.00095
-8.769531  -0.00668  0.00092
-8.747559  -0.00811  0.00103
-8.725586  -0.00797  0.00088
-8.703613  -0.00633  0.00093
-8.681641  -0.00812  0.00072
-8.659668  -0.00702  0.00074
-8.637695  -0.00713  0.00096
-8.615723  -0.00797  0.00118
-8.59375  -0.00715  0.00160
-8.571777  -0.00723  0.00116
-8.549805  -0.00819  0.00091
-8.527832  -0.00658  0.00088
-8.505859  -0.00694  0.00102
-8.483887  -0.00754  0.00097
-8.461914  -0.00565  0.00092
-8.439941  -0.00844  0.00108
-8.417969  -0.00680  0.00127
-8.395996  -0.00665  0.00100
-8.374023  -0.00711  0.00083
-8.352051  -0.00556  0.00131
-8.330078  -0.00777  0.00085
-8.308105  -0.00652  0.00054
-8.286133  -0.00649  0.00097
-8.26416  -0.00754  0.00095
-8.242188  -0.00639  0.00067
-8.220215  -0.00682  0.00130
-8.198242  -0.00635  0.00131
-8.17627  -0.00678  0.00084
-8.154297  -0.00730  0.00106
-8.132324  -0.00637  0.00064
-8.110352  -0.00649  0.00114
-8.088379  -0.00748  0.00145
-8.066406  -0.00569  0.00065
-8.044434  -0.00701  0.00141
-8.022461  -0.00654  0.00081
-8.000488  -0.00521  0.00032
-7.978516  -0.00756  0.00084
-7.956543  -0.00625  0.00152
-7.93457  -0.00623  0.00132
-7.912598  -0.00686  0.00064
-7.890625  -0.00506  0.00067
-7.868652  -0.00763  0.00094
-7.84668  -0.00527  0.00103
-7.824707  -0.00634  0.00160
-7.802734  -0.00630  0.00206
-7.780762  -0.00611  0.00115
-7.758789  -0.00634  0.00115
-7.736816  -0.00625  0.00145
-7.714844  -0.00650  0.00128
-7.692871  -0.00659  0.00124
-7.670898  -0.00616  0.00122
-7.648926  -0.00698  0.00122
-7.626953  -0.00548  0.00101
-7.60498  -0.00506  0.00137
-7.583008  -0.00660  0.00091
-7.561035  -0.00579  0.00088
-7.539063  -0.00566  0.00027
-7.51709  -0.00696  0.00097
-7.495117  -0.00657  0.00112
-7.473145  -0.00478  0.00078
-7.451172  -0.00647  0.00087
-7.429199  -0.00579  0.00089
-7.407227  -0.00529  0.00122
-7.385254  -0.00666  0.00149
-7.363281  -0.00500  0.00123
-7.341309  -0.00627  0.00148
-7.319336  -0.00591  0.00105
-7.297363  -0.00569  0.00118
-7.275391  -0.00691  0.00136
-7.253418  -0.00545  0.00106
-7.231445  -0.00693  0.00145
-7.209473  -0.00553  0.00097
-7.1875  -0.00583  0.00137
-7.165527  -0.00558  0.00124
-7.143555  -0.00594  0.00180
-7.121582  -0.00640  0.00132
-7.099609  -0.00544  0.00088
-7.077637  -0.00510  0.00059
-7.055664  -0.00659  0.00079
-7.033691  -0.00548  0.00111
-7.011719  -0.00529  0.00156
-6.989746  -0.00635  0.00128
-6.967773  -0.00429  0.00099
-6.945801  -0.00702  0.00142
-6.923828  -0.00528  0.00132
-6.901855  -0.00649  0.00096
-6.879883  -0.00572  0.00167
-6.85791  -0.00552  0.00157
-6.835938  -0.00645  0.00091
-6.813965  -0.00553  0.00117
-6.791992  -0.00543  0.00125
-6.77002  -0.00553  0.00124
-6.748047  -0.00545  0.00124
-6.726074  -0.00538  0.00100
-6.704102  -0.00597  0.00144
-6.682129  -0.00532  0.00076
-6.660156  -0.00482  0.00134
-6.638184  -0.00712  0.00083
-6.616211  -0.00448  0.00122
-6.594238  -0.00586  0.00170
-6.572266  -0.00539  0.00176
-6.550293  -0.00562  0.00164
-6.52832  -0.00518  0.00131
-6.506348  -0.00640  0.00077
-6.484375  -0.00485  0.00075
-6.462402  -0.00568  0.00115
-6.44043  -0.00622  0.00078
-6.418457  -0.00510  0.00105
-6.396484  -0.00576  0.00124
-6.374512  -0.00620  0.00161
-6.352539  -0.00551  0.00111
-6.330566  -0.00612  0.00066
-6.308594  -0.00492  0.00052
-6.286621  -0.00527  0.00098
-6.264648  -0.00569  0.00155
-6.242676  -0.00613  0.00120
-6.220703  -0.00477  0.00163
-6.19873  -0.00586  0.00194
-6.176758  -0.00577  0.00145
-6.154785  -0.00498  0.00122
-6.132813  -0.00596  0.00069
-6.11084  -0.00515  0.00090
-6.088867  -0.00512  0.00122
-6.066895  -0.00568  0.00077
-6.044922  -0.00500  0.00087
-6.022949  -0.00591  0.00149
-6.000977  -0.00496  0.00090
-5.979004  -0.00497  0.00154
-5.957031  -0.00571  0.00145
-5.935059  -0.00493  0.00096
-5.913086  -0.00567  0.00134
-5.891113  -0.00560  0.00124
-5.869141  -0.00514  0.00166
-5.847168  -0.00595  0.00154
-5.825195  -0.00503  0.00048
-5.803223  -0.00521  0.00127
-5.78125  -0.00623  0.00133
-5.759277  -0.00494  0.00134
-5.737305  -0.00567  0.00095
-5.715332  -0.00526  0.00069
-5.693359  -0.00454  0.00144
-5.671387  -0.00570  0.00099
-5.649414  -0.00545  0.00085
-5.627441  -0.00449  0.00094
-5.605469  -0.00621  0.00117
-5.583496  -0.00469  0.00117
-5.561523  -0.00523  0.00204
-5.539551  -0.00504  0.00114
-5.517578  -0.00519  0.00087
-5.495605  -0.00507  0.00132
-5.473633  -0.00577  0.00117
-5.45166  -0.00484  0.00101
-5.429688  -0.00571  0.00112
-5.407715  -0.00515  0.00150
-5.385742  -0.00485  0.00042
-5.36377  -0.00516  0.00138
-5.341797  -0.00502  0.00094
-5.319824  -0.00424  0.00156
-5.297852  -0.00578  0.00088
-5.275879  -0.00458  0.00066
-5.253906  -0.00527  0.00168
-5.231934  -0.00550  0.00094
-5.209961  -0.00500  0.00050
-5.187988  -0.00601  0.00168
-5.166016  -0.00437  0.00160
-5.144043  -0.00570  0.00124
-5.12207  -0.00427  0.00142
-5.100098  -0.00558  0.00138
-5.078125  -0.00482  0.00118
-5.056152  -0.00509  0.00154
-5.03418  -0.00526  0.00156
-5.012207  -0.00459  0.00082
-4.990234  -0.00592  0.00085
-4.968262  -0.00469  0.00090
-4.946289  -0.00530  0.00191
-4.924316  -0.00516  0.00122
-4.902344  -0.00416  0.00061
-4.880371  -0.00610  0.00091
-4.858398  -0.00391  0.00058
-4.836426  -0.00534  0.00083
-4.814453  -0.00523  0.00112
-4.79248  -0.00449  0.00108
-4.770508  -0.00527  0.00129
-4.748535  -0.00422  0.00110
-4.726563  -0.00527  0.00123
-4.70459  -0.00505  0.00132
-4.682617  -0.00459  0.00106
-4.660645  -0.00563  0.00123
-4.638672  -0.00463  0.00119
-4.616699  -0.00534  0.00099
-4.594727  -0.00499  0.00074
-4.572754  -0.00410  0.00105
-4.550781  -0.00540  0.00100
-4.528809  -0.00488  0.00106
-4.506836  -0.00487  0.00106
-4.484863  -0.00483  0.00159
-4.462891  -0.00439  0.00099
-4.440918  -0.00523  0.00109
-4.418945  -0.00413  0.00082
-4.396973  -0.00529  0.00090
-4.375  -0.00475  0.00139
-4.353027  -0.00473  0.00133
-4.331055  -0.00474  0.00059
-4.309082  -0.00518  0.00149
-4.287109  -0.00463  0.00175
-4.265137  -0.00465  0.00123
-4.243164  -0.00532  0.00113
-4.221191  -0.00379  0.00102
-4.199219  -0.00531  0.00094
-4.177246  -0.00550  0.00104
-4.155273  -0.00408  0.00105
-4.133301  -0.00586  0.00081
-4.111328  -0.00486  0.00120
-4.089355  -0.00350  0.00120
-4.067383  -0.00622  0.00059
-4.04541  -0.00406  0.00140
-4.023438  -0.00501  0.00120
-4.001465  -0.00422  0.00084
-3.979492  -0.00471  0.00146
-3.95752  -0.00481  0.00129
-3.935547  -0.00475  0.00079
-3.913574  -0.00521  0.00104
-3.891602  -0.00434  0.00154
-3.869629  -0.00485  0.00141
-3.847656  -0.00485  0.00123
-3.825684  -0.00432  0.00143
-3.803711  -0.00505  0.00104
-3.781738  -0.00363  0.00119
-3.759766  -0.00470  0.00087
-3.737793  -0.00484  0.00034
-3.71582  -0.00387  0.00081
-3.693848  -0.00518  0.00119
-3.671875  -0.00473  0.00094
-3.649902  -0.00381  0.00069
-3.62793  -0.00545  0.00113
-3.605957  -0.00394  0.00161
-3.583984  -0.00478  0.00134
-3.562012  -0.00422  0.00133
-3.540039  -0.00447  0.00146
-3.518066  -0.00477  0.00130
-3.496094  -0.00466  0.00137
-3.474121  -0.00457  0.00068
-3.452148  -0.00389  0.00109
-3.430176  -0.00405  0.00118
-3.408203  -0.00460  0.00104
-3.38623  -0.00400  0.00087
-3.364258  -0.00414  0.00149
-3.342285  -0.00448  0.00132
-3.320313  -0.00407  0.00133
-3.29834  -0.00429  0.00133
-3.276367  -0.00503  0.00164
-3.254395  -0.00391  0.00137
-3.232422  -0.00442  0.00109
-3.210449  -0.00452  0.00061
-3.188477  -0.00358  0.00134
-3.166504  -0.00447  0.00093
-3.144531  -0.00436  0.00050
-3.122559  -0.00359  0.00193
-3.100586  -0.00453  0.00124
-3.078613  -0.00383  0.00033
-3.056641  -0.00432  0.00088
-3.034668  -0.00451  0.00143
-3.012695  -0.00372  0.00138
-2.990723  -0.00412  0.00154
-2.96875  -0.00414  0.00164
-2.946777  -0.00420  0.00119
-2.924805  -0.00462  0.00115
-2.902832  -0.00417  0.00158
-2.880859  -0.00414  0.00144
-2.858887  -0.00330  0.00209
-2.836914  -0.00435  0.00188
-2.814941  -0.00375  0.00143
-2.792969  -0.00355  0.00098
-2.770996  -0.00462  0.00078
-2.749023  -0.00292  0.00090
-2.727051  -0.00443  0.00071
-2.705078  -0.00356  0.00117
-2.683105  -0.00390  0.00138
-2.661133  -0.00397  0.00123
-2.63916  -0.00430  0.00108
-2.617188  -0.00360  0.00068
-2.595215  -0.00345  0.00143
-2.573242  -0.00392  0.00100
-2.55127  -0.00258  0.00068
-2.529297  -0.00408  0.00146
-2.507324  -0.00339  0.00149
-2.485352  -0.00355  0.00101
-2.463379  -0.00449  0.00120
-2.441406  -0.00325  0.00108
-2.419434  -0.00439  0.00095
-2.397461  -0.00295  0.00083
-2.375488  -0.00317  0.00153
-2.353516  -0.00394  0.00110
-2.331543  -0.00184  0.00127
-2.30957  -0.00361  0.00107
-2.287598  -0.00338  0.00147
-2.265625  -0.00356  0.00169
-2.243652  -0.00306  0.00078
-2.22168  -0.00339  0.00045
-2.199707  -0.00243  0.00091
-2.177734  -0.00229  0.00076
-2.155762  -0.00372  0.00134
-2.133789  -0.00279  0.00126
-2.111816  -0.00213  0.00075
-2.089844  -0.00386  0.00099
-2.067871  -0.00215  0.00149
-2.045898  -0.00269  0.00113
-2.023926  -0.00246  0.00129
-2.001953  -0.00205  0.00196
-1.979981  -0.00311  0.00090
-1.958008  -0.00202  0.00060
-1.936035  -0.00226  0.00106
-1.914063  -0.00236  0.00111
-1.89209  -0.00142  0.00142
-1.870117  -0.00245  0.00066
-1.848145  -0.00103  0.00068
-1.826172  -0.00224  0.00141
-1.804199  -0.00153  0.00107
-1.782227  -0.00122  0.00125
-1.760254  -0.00217  0.00126
-1.738281  -0.00053  0.00105
-1.716309  -0.00242  0.00132
-1.694336  -0.00067  0.00143
-1.672363  -0.00132  0.00085
-1.650391  -0.00121  0.00142
-1.628418  -0.00017  0.00126
-1.606445  -0.00150  0.00101
-1.584473  -0.00132  0.00161
-1.5625  -0.00058  0.00183
-1.540527  -0.00072  0.00143
-1.518555  -0.00058  0.00093
-1.496582  0.00005  0.00114
-1.474609  0.00013  0.00093
-1.452637  0.00017  0.00162
-1.430664  -0.00010  0.00091
-1.408691  0.00036  0.00093
-1.386719  0.00002  0.00129
-1.364746  0.00019  0.00182
-1.342773  0.00082  0.00109
-1.320801  0.00062  0.00091
-1.298828  0.00117  0.00057
-1.276856  0.00104  0.00054
-1.254883  0.00067  0.00129
-1.23291  0.00200  0.00084
-1.210938  0.00156  0.00051
-1.188965  0.00292  0.00126
-1.166992  0.00234  0.00139
-1.14502  0.00350  0.00090
-1.123047  0.00202  0.00084
-1.101074  0.00355  0.00118
-1.079102  0.00343  0.00132
-1.057129  0.00281  0.00157
-1.035156  0.00360  0.00165
-1.013184  0.00505  0.00125
-0.991211  0.00420  0.00128
-0.9692383  0.00526  0.00071
-0.9472657  0.00462  0.00065
-0.925293  0.00622  0.00126
-0.9033203  0.00666  0.00082
-0.8813477  0.00562  0.00079
-0.859375  0.00781  0.00115
-0.8374024  0.00667  0.00160
-0.8154297  0.00783  0.00121
-0.7934571  0.00848  0.00092
-0.7714844  0.00887  0.00185
-0.7495118  0.00913  0.00120
-0.7275391  0.00976  0.00116
-0.7055664  0.01080  0.00143
-0.6835938  0.01159  0.00051
-0.6616211  0.01159  0.00122
-0.6396485  0.01289  0.00140
-0.6176758  0.01328  0.00061
-0.5957032  0.01412  0.00040
-0.5737305  0.01574  0.00118
-0.5517579  0.01524  0.00085
-0.5297852  0.01795  0.00085
-0.5078125  0.01795  0.00096
-0.4858399  0.01902  0.00151
-0.4638672  0.02063  0.00163
-0.4418946  0.02282  0.00115
-0.4199219  0.02397  0.00083
-0.3979493  0.02502  0.00133
-0.3759766  0.02762  0.00143
-0.3540039  0.02958  0.00111
-0.3320313  0.03140  0.00126
-0.3100586  0.03411  0.00140
-0.288086  0.03609  0.00075
-0.2661133  0.03955  0.00139
-0.2441407  0.04190  0.00039
-0.222168  0.04685  0.00056
-0.2001954  0.04851  0.00217
-0.1782227  0.05311  0.00113
-0.15625  0.05468  0.00062
-0.1342774  0.05924  0.00137
-0.1123047  0.06320  0.00155
-0.09033207  0.06748  0.00129
-0.06835942  0.07152  0.00090
-0.04638676  0.07699  0.00114
-0.0244141  0.08061  0.00093
-0.002441447  0.08663  0.00050
0.01953121  0.09175  0.00064
