-9.978027  -0.16663  0.00219
-9.956055  -0.09366  0.00195
-9.934082  -0.06488  0.00222
-9.912109  -0.05135  0.00187
-9.890137  -0.04117  0.00114
-9.868164  -0.03498  0.00120
-9.846191  -0.03146  0.00141
-9.824219  -0.02627  0.00114
-9.802246  -0.02334  0.00172
-9.780273  -0.02121  0.00182
-9.758301  -0.01773  0.00129
-9.736328  -0.01918  0.00130
-9.714355  -0.01723  0.00068
-9.692383  -0.01305  0.00557
-9.67041  -0.01788  0.00313
-9.648438  -0.01422  0.00090
-9.626465  -0.01496  0.00094
-9.604492  -0.01222  0.00174
-9.58252  -0.01306  0.00148
-9.560547  -0.01272  0.00169
-9.538574  -0.01330  0.00116
-9.516602  -0.01239  0.00114
-9.494629  -0.01153  0.00104
-9.472656  -0.01234  0.00059
-9.450684  -0.01062  0.00047
-9.428711  -0.01173  0.00077
-9.406738  -0.01052  0.00125
-9.384766  -0.00964  0.00138
-9.362793  -0.01110  0.00108
-9.34082  -0.00995  0.00149
-9.318848  -0.01007  0.00120
-9.296875  -0.00948  0.00120
-9.274902  -0.00909  0.00140
-9.25293  -0.00977  0.00108
-9.230957  -0.00885  0.00089
-9.208984  -0.00961  0.00114
-9.187012  -0.00749  0.00138
-9.165039  -0.00920  0.00107
-9.143066  -0.00848  0.00118
-9.121094  -0.00815  0.00099
-9.099121  -0.00941  0.00142
-9.077148  -0.00741  0.00034
-9.055176  -0.00978  0.00079
-9.033203  -0.00834  0.00084
-9.01123  -0.00751  0.00077
-8.989258  -0.00919  0.00114
-8.967285  -0.00724  0.00054
-8.945313  -0.00856  0.00076
-8.92334  -0.00804  0.00052
-8.901367  -0.00765  0.00125
-8.879395  -0.00755  0.00131
-8.857422  -0.00798  0.00061
-8.835449  -0.00750  0.00150
-8.813477  -0.00752  0.00084
-8.791504  -0.00779  0.00103
-8.769531  -0.00757  0.00077
-8.747559  -0.00801  0.00138
-8.725586  -0.00715  0.00096
-8.703613  -0.00715  0.00118
-8.681641  -0.00764  0.00101
-8.659668  -0.00799  0.00100
-8.637695  -0.00719  0.00112
-8.615723  -0.00716  0.00111
-8.59375  -0.00771  0.00094
-8.571777  -0.00713  0.00089
-8.549805  -0.00737  0.00049
-8.527832  -0.00730  0.00185
-8.505859  -0.00717  0.00105
-8.483887  -0.00706  0.00109
-8.461914  -0.00652  0.00133
-8.439941  -0.00721  0.00148
-8.417969  -0.00660  0.00151
-8.395996  -0.00703  0.00059
-8.374023  -0.00734  0.00047
-8.352051  -0.00620  0.00143
-8.330078  -0.00758  0.00122
-8.308105  -0.00671  0.00034
-8.286133  -0.00631  0.00124
-8.26416  -0.00744  0.00140
-8.242188  -0.00681  0.00085
-8.220215  -0.00659  0.00099
-8.198242  -0.00656  0.00146
-8.17627  -0.00735  0.00135
-8.154297  -0.00589  0.00140
-8.132324  -0.00666  0.00090
-8.110352  -0.00663  0.00093
-8.088379  -0.00599  0.00076
-8.066406  -0.00699  0.00076
-8.044434  -0.00621  0.00041
-8.022461  -0.00605  0.00134
-8.000488  -0.00698  0.00133
-7.978516  -0.00668  0.00104
-7.956543  -0.00579  0.00119
-7.93457  -0.00733  0.00071
-7.912598  -0.00581  0.00067
-7.890625  -0.00567  0.00141
-7.868652  -0.00637  0.00134
-7.84668  -0.00588  0.00117
-7.824707  -0.00603  0.00132
-7.802734  -0.00632  0.00075
-7.780762  -0.00620  0.00104
-7.758789  -0.00597  0.00106
-7.736816  -0.00667  0.00120
-7.714844  -0.00577  0.00098
-7.692871  -0.00729  0.00048
-7.670898  -0.00671  0.00089
-7.648926  -0.00537  0.00118
-7.626953  -0.00679  0.00036
-7.60498  -0.00495  0.00117
-7.583008  -0.00671  0.00109
-7.561035  -0.00558  0.00141
-7.539063  -0.00638  0.00120
-7.51709  -0.00599  0.00178
-7.495117  -0.00633  0.00090
-7.473145  -0.00619  0.00120
-7.451172  -0.00689  0.00122
-7.429199  -0.00538  0.00076
-7.407227  -0.00669  0.00132
-7.385254  -0.00644  0.00108
-7.363281  -0.00572  0.00092
-7.341309  -0.00615  0.00075
-7.319336  -0.00519  0.00097
-7.297363  -0.00622  0.00137
-7.275391  -0.00513  0.00055
-7.253418  -0.00607  0.00077
-7.231445  -0.00610  0.00144
-7.209473  -0.00544  0.00066
-7.1875  -0.00656  0.00042
-7.165527  -0.00560  0.00090
-7.143555  -0.00672  0.00093
-7.121582  -0.00580  0.00130
-7.099609  -0.00509  0.00118
-7.077637  -0.00594  0.00108
-7.055664  -0.00585  0.00091
-7.033691  -0.00504  0.00100
-7.011719  -0.00665  0.00132
-6.989746  -0.00534  0.00105
-6.967773  -0.00587  0.00122
-6.945801  -0.00553  0.00127
-6.923828  -0.00653  0.00070
-6.901855  -0.00618  0.00066
-6.879883  -0.00584  0.00084
-6.85791  -0.00626  0.00102
-6.835938  -0.00455  0.00060
-6.813965  -0.00616  0.00125
-6.791992  -0.00512  0.00071
-6.77002  -0.00563  0.00079
-6.748047  -0.00642  0.00086
-6.726074  -0.00489  0.00096
-6.704102  -0.00668  0.00065
-6.682129  -0.00541  0.00104
-6.660156  -0.00494  0.00127
-6.638184  -0.00581  0.00151
-6.616211  -0.00509  0.00059
-6.594238  -0.00538  0.00083
-6.572266  -0.00582  0.00040
-6.550293  -0.00524  0.00143
-6.52832  -0.00536  0.00110
-6.506348  -0.00504  0.00144
-6.484375  -0.00606  0.00133
-6.462402  -0.00539  0.00078
-6.44043  -0.00496  0.00173
-6.418457  -0.00581  0.00065
-6.396484  -0.00484  0.00102
-6.374512  -0.00623  0.00077
-6.352539  -0.00492  0.00107
-6.330566  -0.00531  0.00115
-6.308594  -0.00590  0.00108
-6.286621  -0.00518  0.00103
-6.264648  -0.00564  0.00113
-6.242676  -0.00451  0.00028
-6.220703  -0.00428  0.00108
-6.19873  -0.00579  0.00146
-6.176758  -0.00554  0.00116
-6.154785  -0.00489  0.00154
-6.132813  -0.00553  0.00134
-6.11084  -0.00536  0.00100
-6.088867  -0.00485  0.00118
-6.066895  -0.00504  0.00067
-6.044922  -0.00461  0.00093
-6.022949  -0.00557  0.00094
-6.000977  -0.00532  0.00158
-5.979004  -0.00472  0.00106
-5.957031  -0.00607  0.00114
-5.935059  -0.00509  0.00089
-5.913086  -0.00442  0.00156
-5.891113  -0.00616  0.00121
-5.869141  -0.00459  0.00109
-5.847168  -0.00591  0.00071
-5.825195  -0.00533  0.00123
-5.803223  -0.00460  0.00120
-5.78125  -0.00643  0.00072
-5.759277  -0.00475  0.00044
-5.737305  -0.00497  0.00043
-5.715332  -0.00664  0.00038
-5.693359  -0.00443  0.00077
-5.671387  -0.00587  0.00092
-5.649414  -0.00448  0.00073
-5.627441  -0.00444  0.00089
-5.605469  -0.00545  0.00112
-5.583496  -0.00521  0.00045
-5.561523  -0.00555  0.00115
-5.539551  -0.00503  0.00110
-5.517578  -0.00511  0.00099
-5.495605  -0.00452  0.00149
-5.473633  -0.00510  0.00143
-5.45166  -0.00439  0.00088
-5.429688  -0.00480  0.00102
-5.407715  -0.00499  0.00085
-5.385742  -0.00479  0.00132
-5.36377  -0.00515  0.00097
-5.341797  -0.00529  0.00130
-5.319824  -0.00465  0.00060
-5.297852  -0.00516  0.00107
-5.275879  -0.00463  0.00127
-5.253906  -0.00536  0.00106
-5.231934  -0.00472  0.00076
-5.209961  -0.00508  0.00113
-5.187988  -0.00441  0.00110
-5.166016  -0.00572  0.00119
-5.144043  -0.00525  0.00134
-5.12207  -0.00499  0.00078
-5.100098  -0.00453  0.00074
-5.078125  -0.00466  0.00113
-5.056152  -0.00498  0.00111
-5.03418  -0.00531  0.00141
-5.012207  -0.00450  0.00074
-4.990234  -0.00467  0.00124
-4.968262  -0.00505  0.00142
-4.946289  -0.00368  0.00111
-4.924316  -0.00534  0.00122
-4.902344  -0.00404  0.00095
-4.880371  -0.00475  0.00166
-4.858398  -0.00478  0.00137
-4.836426  -0.00420  0.00091
-4.814453  -0.00502  0.00106
-4.79248  -0.00376  0.00091
-4.770508  -0.00542  0.00137
-4.748535  -0.00496  0.00134
-4.726563  -0.00483  0.00064
-4.70459  -0.00517  0.00093
-4.682617  -0.00365  0.00056
-4.660645  -0.00453  0.00098
-4.638672  -0.00423  0.00082
-4.616699  -0.00429  0.00132
-4.594727  -0.00535  0.00127
-4.572754  -0.00439  0.00129
-4.550781  -0.00486  0.00097
-4.528809  -0.00491  0.00146
-4.506836  -0.00498  0.00124
-4.484863  -0.00442  0.00093
-4.462891  -0.00480  0.00097
-4.440918  -0.00409  0.00136
-4.418945  -0.00500  0.00109
-4.396973  -0.00444  0.00116
-4.375  -0.00434  0.00122
-4.353027  -0.00514  0.00142
-4.331055  -0.00432  0.00113
-4.309082  -0.00469  0.00116
-4.287109  -0.00473  0.00109
-4.265137  -0.00430  0.00127
-4.243164  -0.00512  0.00071
-4.221191  -0.00458  0.00134
-4.199219  -0.00479  0.00150
-4.177246  -0.00466  0.00120
-4.155273  -0.00525  0.00149
-4.133301  -0.00379  0.00118
-4.111328  -0.00533  0.00052
-4.089355  -0.00396  0.00048
-4.067383  -0.00516  0.00124
-4.04541  -0.00472  0.00143
-4.023438  -0.00418  0.00062
-4.001465  -0.00389  0.00121
-3.979492  -0.00516  0.00108
-3.95752  -0.00432  0.00154
-3.935547  -0.00425  0.00141
-3.913574  -0.00476  0.00122
-3.891602  -0.00449  0.00135
-3.869629  -0.00487  0.00159
-3.847656  -0.00404  0.00159
-3.825684  -0.00531  0.00069
-3.803711  -0.00340  0.00116
-3.781738  -0.00504  0.00094
-3.759766  -0.00416  0.00083
-3.737793  -0.00379  0.00154
-3.71582  -0.00534  0.00096
-3.693848  -0.00386  0.00090
-3.671875  -0.00462  0.00115
-3.649902  -0.00470  0.00117
-3.62793  -0.00464  0.00134
-3.605957  -0.00454  0.00099
-3.583984  -0.00475  0.00141
-3.562012  -0.00380  0.00087
-3.540039  -0.00420  0.00082
-3.518066  -0.00485  0.00103
-3.496094  -0.00454  0.00121
-3.474121  -0.00442  0.00120
-3.452148  -0.00448  0.00130
-3.430176  -0.00449  0.00116
-3.408203  -0.00422  0.00123
-3.38623  -0.00519  0.00042
-3.364258  -0.00437  0.00103
-3.342285  -0.00419  0.00131
-3.320313  -0.00462  0.00075
-3.29834  -0.00404  0.00136
-3.276367  -0.00493  0.00090
-3.254395  -0.00389  0.00094
-3.232422  -0.00418  0.00121
-3.210449  -0.00432  0.00130
-3.188477  -0.00386  0.00113
-3.166504  -0.00490  0.00094
-3.144531  -0.00386  0.00079
-3.122559  -0.00423  0.00093
-3.100586  -0.00518  0.00069
-3.078613  -0.00338  0.00073
-3.056641  -0.00501  0.00128
-3.034668  -0.00304  0.00070
-3.012695  -0.00403  0.00090
-2.990723  -0.00449  0.00110
-2.96875  -0.00425  0.00141
-2.946777  -0.00395  0.00133
-2.924805  -0.00417  0.00061
-2.902832  -0.00433  0.00136
-2.880859  -0.00398  0.00133
-2.858887  -0.00372  0.00113
-2.836914  -0.00394  0.00064
-2.814941  -0.00342  0.00095
-2.792969  -0.00435  0.00105
-2.770996  -0.00436  0.00101
-2.749023  -0.00374  0.00116
-2.727051  -0.00355  0.00071
-2.705078  -0.00433  0.00056
-2.683105  -0.00462  0.00107
-2.661133  -0.00280  0.00144
-2.63916  -0.00433  0.00116
-2.617188  -0.00375  0.00097
-2.595215  -0.00328  0.00060
-2.573242  -0.00455  0.00103
-2.55127  -0.00272  0.00077
-2.529297  -0.00343  0.00130
-2.507324  -0.00394  0.00057
-2.485352  -0.00304  0.00126
-2.463379  -0.00350  0.00152
-2.441406  -0.00347  0.00134
-2.419434  -0.00306  0.00113
-2.397461  -0.00390  0.00096
-2.375488  -0.00340  0.00117
-2.353516  -0.00321  0.00087
-2.331543  -0.00388  0.00075
-2.30957  -0.00311  0.00077
-2.287598  -0.00287  0.00101
-2.265625  -0.00341  0.00082
-2.243652  -0.00288  0.00105
-2.22168  -0.00336  0.00120
-2.199707  -0.00343  0.00103
-2.177734  -0.00254  0.00134
-2.155762  -0.00242  0.00171
-2.133789  -0.00303  0.00117
-2.111816  -0.00293  0.00103
-2.089844  -0.00259  0.00095
-2.067871  -0.00291  0.00128
-2.045898  -0.00281  0.00111
-2.023926  -0.00198  0.00076
-2.001953  -0.00287  0.00078
-1.979981  -0.00204  0.00030
-1.958008  -0.00297  0.00115
-1.936035  -0.00193  0.00112
-1.914063  -0.00195  0.00078
-1.89209  -0.00262  0.00104
-1.870117  -0.00220  0.00147
-1.848145  -0.00129  0.00069
-1.826172  -0.00243  0.00079
-1.804199  -0.00055  0.00112
-1.782227  -0.00250  0.00138
-1.760254  -0.00168  0.00140
-1.738281  -0.00112  0.00120
-1.716309  -0.00182  0.00134
-1.694336  -0.00084  0.00119
-1.672363  -0.00135  0.00149
-1.650391  -0.00185  0.00123
-1.628418  -0.00081  0.00065
-1.606445  -0.00158  0.00133
-1.584473  -0.00052  0.00119
-1.5625  -0.00078  0.00141
-1.540527  -0.00104  0.00115
-1.518555  -0.00059  0.00097
-1.496582  -0.00077  0.00094
-1.474609  -0.00076  0.00084
-1.452637  0.00027  0.00087
-1.430664  -0.00025  0.00086
-1.408691  0.00004  0.00140
-1.386719  -0.00049  0.00101
-1.364746  0.00053  0.00113
-1.342773  0.00031  0.00073
-1.320801  0.00094  0.00130
-1.298828  0.00104  0.00149
-1.276856  0.00165  0.00093
-1.254883  0.00063  0.00112
-1.23291  0.00179  0.00096
-1.210938  0.00103  0.00103
-1.188965  0.00180  0.00154
-1.166992  0.00228  0.00098
-1.14502  0.00157  0.00086
-1.123047  0.00229  0.00073
-1.101074  0.00288  0.00086
-1.079102  0.00247  0.00158
-1.057129  0.00276  0.00142
-1.035156  0.00391  0.00037
-1.013184  0.00332  0.00124
-0.991211  0.00385  0.00094
-0.9692383  0.00417  0.00152
-0.9472657  0.00488  0.00129
-0.925293  0.00446  0.00171
-0.9033203  0.00510  0.00106
-0.8813477  0.00504  0.00087
-0.859375  0.00588  0.00168
-0.8374024  0.00584  0.00105
-0.8154297  0.00646  0.00101
-0.7934571  0.00758  0.00079
-0.7714844  0.00812  0.00129
-0.7495118  0.00823  0.00160
-0.7275391  0.00804  0.00140
-0.7055664  0.00901  0.00169
-0.6835938  0.00981  0.00139
-0.6616211  0.00939  0.00157
-0.6396485  0.01042  0.00174
-0.6176758  0.01173  0.00121
-0.5957032  0.01250  0.00130
-0.5737305  0.01278  0.00109
-0.5517579  0.01427  0.00159
-0.5297852  0.01487  0.00124
-0.5078125  0.01588  0.00093
-0.4858399  0.01677  0.00120
-0.4638672  0.01836  0.00134
-0.4418946  0.02005  0.00128
-0.4199219  0.02194  0.00102
-0.3979493  0.02235  0.00107
-0.3759766  0.02439  0.00107
-0.3540039  0.02672  0.00155
-0.3320313  0.02836  0.00162
-0.3100586  0.03043  0.00110
-0.288086  0.03267  0.00118
-0.2661133  0.03563  0.00164
-0.2441407  0.03808  0.00080
-0.222168  0.04062  0.00114
-0.2001954  0.04426  0.00155
-0.1782227  0.04737  0.00097
-0.15625  0.05172  0.00146
-0.1342774  0.05417  0.00185
-0.1123047  0.05850  0.00117
-0.09033207  0.06300  0.00096
-0.06835942  0.06582  0.00113
-0.04638676  0.07245  0.00051
-0.0244141  0.07589  0.00101
-0.002441447  0.08220  0.00101
0.01953121  0.08669  0.00112
