-9.978027  -0.15923  0.02724
-9.956055  -0.08711  0.01534
-9.934082  -0.06125  0.01006
-9.912109  -0.04796  0.00688
-9.890137  -0.03971  0.00586
-9.868164  -0.03341  0.00478
-9.846191  -0.02854  0.00359
-9.824219  -0.02532  0.00389
-9.802246  -0.02335  0.00302
-9.780273  -0.02065  0.00375
-9.758301  -0.01942  0.00276
-9.736328  -0.01827  0.00257
-9.714355  -0.01634  0.00300
-9.692383  -0.01621  0.00251
-9.67041  -0.01520  0.00265
-9.648438  -0.01419  0.00265
-9.626465  -0.01441  0.00195
-9.604492  -0.01340  0.00189
-9.58252  -0.01244  0.00231
-9.560547  -0.01339  0.00151
-9.538574  -0.01232  0.00163
-9.516602  -0.01145  0.00226
-9.494629  -0.01227  0.00119
-9.472656  -0.01159  0.00184
-9.450684  -0.01172  0.00101
-9.428711  -0.01045  0.00144
-9.406738  -0.01119  0.00187
-9.384766  -0.01086  0.00077
-9.362793  -0.00975  0.00174
-9.34082  -0.01071  0.00101
-9.318848  -0.00979  0.00070
-9.296875  -0.01050  0.00101
-9.274902  -0.01087  0.00116
-9.25293  -0.00932  0.00158
-9.230957  -0.00983  0.00114
-9.208984  -0.00937  0.00062
-9.187012  -0.00911  0.00120
-9.165039  -0.00987  0.00141
-9.143066  -0.00906  0.00065
-9.121094  -0.00886  0.00119
-9.099121  -0.00919  0.00060
-9.077148  -0.00840  0.00111
-9.055176  -0.00900  0.00075
-9.033203  -0.00855  0.00090
-9.01123  -0.00943  0.00123
-8.989258  -0.00845  0.00092
-8.967285  -0.00876  0.00112
-8.945313  -0.00900  0.00073
-8.92334  -0.00790  0.00141
-8.901367  -0.00841  0.00136
-8.879395  -0.00759  0.00137
-8.857422  -0.00841  0.00059
-8.835449  -0.00825  0.00098
-8.813477  -0.00800  0.00114
-8.791504  -0.00805  0.00179
-8.769531  -0.00773  0.00072
-8.747559  -0.00815  0.00136
-8.725586  -0.00760  0.00074
-8.703613  -0.00795  0.00076
-8.681641  -0.00760  0.00111
-8.659668  -0.00788  0.00050
-8.637695  -0.00776  0.00158
-8.615723  -0.00727  0.00073
-8.59375  -0.00798  0.00115
-8.571777  -0.00806  0.00130
-8.549805  -0.00818  0.00040
-8.527832  -0.00752  0.00082
-8.505859  -0.00702  0.00096
-8.483887  -0.00798  0.00068
-8.461914  -0.00676  0.00112
-8.439941  -0.00723  0.00078
-8.417969  -0.00740  0.00118
-8.395996  -0.00748  0.00054
-8.374023  -0.00736  0.00070
-8.352051  -0.00713  0.00079
-8.330078  -0.00755  0.00035
-8.308105  -0.00732  0.00087
-8.286133  -0.00759  0.00133
-8.26416  -0.00763  0.00057
-8.242188  -0.00724  0.00100
-8.220215  -0.00806  0.00079
-8.198242  -0.00667  0.00108
-8.17627  -0.00742  0.00032
-8.154297  -0.00727  0.00074
-8.132324  -0.00710  0.00125
-8.110352  -0.00721  0.00037
-8.088379  -0.00657  0.00070
-8.066406  -0.00783  0.00097
-8.044434  -0.00640  0.00054
-8.022461  -0.00721  0.00058
-8.000488  -0.00755  0.00105
-7.978516  -0.00628  0.00079
-7.956543  -0.00772  0.00092
-7.93457  -0.00649  0.00094
-7.912598  -0.00730  0.00069
-7.890625  -0.00680  0.00047
-7.868652  -0.00629  0.00069
-7.84668  -0.00701  0.00118
-7.824707  -0.00677  0.00109
-7.802734  -0.00637  0.00109
-7.780762  -0.00720  0.00051
-7.758789  -0.00634  0.00135
-7.736816  -0.00681  0.00145
-7.714844  -0.00658  0.00054
-7.692871  -0.00630  0.00060
-7.670898  -0.00679  0.00080
-7.648926  -0.00639  0.00107
-7.626953  -0.00654  0.00116
-7.60498  -0.00728  0.00089
-7.583008  -0.00630  0.00088
-7.561035  -0.00678  0.00095
-7.539063  -0.00603  0.00073
-7.51709  -0.00651  0.00112
-7.495117  -0.00616  0.00085
-7.473145  -0.00704  0.00078
-7.451172  -0.00619  0.00158
-7.429199  -0.00597  0.00095
-7.407227  -0.00704  0.00121
-7.385254  -0.00616  0.00104
-7.363281  -0.00638  0.00050
-7.341309  -0.00686  0.00122
-7.319336  -0.00549  0.00140
-7.297363  -0.00656  0.00059
-7.275391  -0.00662  0.00084
-7.253418  -0.00596  0.00147
-7.231445  -0.00697  0.00064
-7.209473  -0.00581  0.00135
-7.1875  -0.00684  0.00072
-7.165527  -0.00646  0.00092
-7.143555  -0.00644  0.00089
-7.121582  -0.00685  0.00040
-7.099609  -0.00580  0.00103
-7.077637  -0.00641  0.00036
-7.055664  -0.00644  0.00052
-7.033691  -0.00590  0.00110
-7.011719  -0.00663  0.00062
-6.989746  -0.00643  0.00085
-6.967773  -0.00606  0.00089
-6.945801  -0.00644  0.00112
-6.923828  -0.00586  0.00079
-6.901855  -0.00626  0.00038
-6.879883  -0.00628  0.00123
-6.85791  -0.00586  0.00063
-6.835938  -0.00622  0.00029
-6.813965  -0.00587  0.00166
-6.791992  -0.00621  0.00047
-6.77002  -0.00640  0.00117
-6.748047  -0.00636  0.00052
-6.726074  -0.00602  0.00046
-6.704102  -0.00660  0.00112
-6.682129  -0.00625  0.00040
-6.660156  -0.00561  0.00086
-6.638184  -0.00655  0.00113
-6.616211  -0.00573  0.00100
-6.594238  -0.00585  0.00112
-6.572266  -0.00653  0.00060
-6.550293  -0.00535  0.00053
-6.52832  -0.00625  0.00070
-6.506348  -0.00541  0.00118
-6.484375  -0.00629  0.00055
-6.462402  -0.00577  0.00086
-6.44043  -0.00626  0.00050
-6.418457  -0.00643  0.00112
-6.396484  -0.00603  0.00081
-6.374512  -0.00649  0.00049
-6.352539  -0.00594  0.00073
-6.330566  -0.00603  0.00105
-6.308594  -0.00606  0.00099
-6.286621  -0.00550  0.00078
-6.264648  -0.00548  0.00088
-6.242676  -0.00554  0.00053
-6.220703  -0.00566  0.00050
-6.19873  -0.00656  0.00048
-6.176758  -0.00529  0.00059
-6.154785  -0.00635  0.00086
-6.132813  -0.00565  0.00084
-6.11084  -0.00569  0.00108
-6.088867  -0.00596  0.00091
-6.066895  -0.00544  0.00076
-6.044922  -0.00560  0.00088
-6.022949  -0.00660  0.00113
-6.000977  -0.00532  0.00054
-5.979004  -0.00581  0.00052
-5.957031  -0.00593  0.00132
-5.935059  -0.00570  0.00102
-5.913086  -0.00627  0.00103
-5.891113  -0.00506  0.00085
-5.869141  -0.00597  0.00093
-5.847168  -0.00559  0.00051
-5.825195  -0.00555  0.00070
-5.803223  -0.00635  0.00059
-5.78125  -0.00511  0.00078
-5.759277  -0.00561  0.00065
-5.737305  -0.00552  0.00075
-5.715332  -0.00475  0.00120
-5.693359  -0.00624  0.00114
-5.671387  -0.00527  0.00066
-5.649414  -0.00580  0.00013
-5.627441  -0.00632  0.00114
-5.605469  -0.00536  0.00058
-5.583496  -0.00613  0.00051
-5.561523  -0.00577  0.00128
-5.539551  -0.00543  0.00071
-5.517578  -0.00586  0.00055
-5.495605  -0.00549  0.00067
-5.473633  -0.00491  0.00127
-5.45166  -0.00587  0.00097
-5.429688  -0.00450  0.00086
-5.407715  -0.00558  0.00063
-5.385742  -0.00544  0.00049
-5.36377  -0.00485  0.00108
-5.341797  -0.00625  0.00082
-5.319824  -0.00527  0.00045
-5.297852  -0.00501  0.00084
-5.275879  -0.00624  0.00135
-5.253906  -0.00503  0.00076
-5.231934  -0.00556  0.00178
-5.209961  -0.00546  0.00107
-5.187988  -0.00559  0.00095
-5.166016  -0.00536  0.00045
-5.144043  -0.00544  0.00085
-5.12207  -0.00544  0.00063
-5.100098  -0.00532  0.00109
-5.078125  -0.00603  0.00048
-5.056152  -0.00505  0.00110
-5.03418  -0.00495  0.00075
-5.012207  -0.00555  0.00110
-4.990234  -0.00485  0.00114
-4.968262  -0.00607  0.00056
-4.946289  -0.00520  0.00076
-4.924316  -0.00546  0.00088
-4.902344  -0.00552  0.00054
-4.880371  -0.00556  0.00048
-4.858398  -0.00567  0.00120
-4.836426  -0.00489  0.00095
-4.814453  -0.00556  0.00094
-4.79248  -0.00607  0.00099
-4.770508  -0.00499  0.00078
-4.748535  -0.00560  0.00066
-4.726563  -0.00531  0.00069
-4.70459  -0.00485  0.00156
-4.682617  -0.00511  0.00050
-4.660645  -0.00557  0.00110
-4.638672  -0.00465  0.00098
-4.616699  -0.00533  0.00060
-4.594727  -0.00539  0.00164
-4.572754  -0.00503  0.00064
-4.550781  -0.00538  0.00081
-4.528809  -0.00516  0.00052
-4.506836  -0.00484  0.00066
-4.484863  -0.00573  0.00136
-4.462891  -0.00532  0.00087
-4.440918  -0.00422  0.00063
-4.418945  -0.00606  0.00096
-4.396973  -0.00480  0.00077
-4.375  -0.00508  0.00106
-4.353027  -0.00529  0.00055
-4.331055  -0.00502  0.00066
-4.309082  -0.00518  0.00082
-4.287109  -0.00518  0.00080
-4.265137  -0.00528  0.00083
-4.243164  -0.00487  0.00112
-4.221191  -0.00521  0.00088
-4.199219  -0.00468  0.00121
-4.177246  -0.00575  0.00084
-4.155273  -0.00482  0.00042
-4.133301  -0.00495  0.00029
-4.111328  -0.00570  0.00075
-4.089355  -0.00436  0.00122
-4.067383  -0.00547  0.00110
-4.04541  -0.00484  0.00071
-4.023438  -0.00511  0.00107
-4.001465  -0.00547  0.00117
-3.979492  -0.00495  0.00080
-3.95752  -0.00425  0.00100
-3.935547  -0.00568  0.00105
-3.913574  -0.00496  0.00084
-3.891602  -0.00472  0.00054
-3.869629  -0.00529  0.00117
-3.847656  -0.00497  0.00058
-3.825684  -0.00539  0.00090
-3.803711  -0.00492  0.00136
-3.781738  -0.00478  0.00078
-3.759766  -0.00498  0.00069
-3.737793  -0.00473  0.00111
-3.71582  -0.00490  0.00066
-3.693848  -0.00442  0.00072
-3.671875  -0.00423  0.00118
-3.649902  -0.00522  0.00080
-3.62793  -0.00467  0.00133
-3.605957  -0.00508  0.00021
-3.583984  -0.00478  0.00093
-3.562012  -0.00456  0.00082
-3.540039  -0.00514  0.00026
-3.518066  -0.00499  0.00065
-3.496094  -0.00394  0.00107
-3.474121  -0.00548  0.00117
-3.452148  -0.00455  0.00100
-3.430176  -0.00479  0.00137
-3.408203  -0.00480  0.00130
-3.38623  -0.00561  0.00075
-3.364258  -0.00411  0.00139
-3.342285  -0.00470  0.00054
-3.320313  -0.00515  0.00071
-3.29834  -0.00405  0.00163
-3.276367  -0.00536  0.00085
-3.254395  -0.00429  0.00167
-3.232422  -0.00437  0.00111
-3.210449  -0.00543  0.00104
-3.188477  -0.00429  0.00077
-3.166504  -0.00483  0.00063
-3.144531  -0.00418  0.00035
-3.122559  -0.00508  0.00099
-3.100586  -0.00417  0.00064
-3.078613  -0.00416  0.00059
-3.056641  -0.00468  0.00126
-3.034668  -0.00432  0.00069
-3.012695  -0.00469  0.00087
-2.990723  -0.00419  0.00072
-2.96875  -0.00489  0.00137
-2.946777  -0.00435  0.00045
-2.924805  -0.00469  0.00075
-2.902832  -0.00491  0.00063
-2.880859  -0.00399  0.00054
-2.858887  -0.00440  0.00152
-2.836914  -0.00449  0.00107
-2.814941  -0.00467  0.00102
-2.792969  -0.00432  0.00082
-2.770996  -0.00440  0.00079
-2.749023  -0.00398  0.00085
-2.727051  -0.00345  0.00086
-2.705078  -0.00428  0.00017
-2.683105  -0.00415  0.00112
-2.661133  -0.00412  0.00114
-2.63916  -0.00439  0.00078
-2.617188  -0.00388  0.00107
-2.595215  -0.00454  0.00091
-2.573242  -0.00394  0.00127
-2.55127  -0.00358  0.00101
-2.529297  -0.00402  0.00129
-2.507324  -0.00336  0.00065
-2.485352  -0.00388  0.00084
-2.463379  -0.00404  0.00068
-2.441406  -0.00369  0.00069
-2.419434  -0.00405  0.00116
-2.397461  -0.00436  0.00042
-2.375488  -0.00319  0.00069
-2.353516  -0.00380  0.00117
-2.331543  -0.00341  0.00087
-2.30957  -0.00363  0.00139
-2.287598  -0.00335  0.00042
-2.265625  -0.00400  0.00072
-2.243652  -0.00338  0.00122
-2.22168  -0.00299  0.00111
-2.199707  -0.00375  0.00081
-2.177734  -0.00280  0.00036
-2.155762  -0.00356  0.00089
-2.133789  -0.00322  0.00122
-2.111816  -0.00239  0.00151
-2.089844  -0.00356  0.00059
-2.067871  -0.00294  0.00109
-2.045898  -0.00267  0.00113
-2.023926  -0.00307  0.00124
-2.001953  -0.00245  0.00042
-1.979981  -0.00295  0.00091
-1.958008  -0.00305  0.00111
-1.936035  -0.00227  0.00043
-1.914063  -0.00201  0.00133
-1.89209  -0.00259  0.00082
-1.870117  -0.00192  0.00119
-1.848145  -0.00228  0.00099
-1.826172  -0.00180  0.00103
-1.804199  -0.00297  0.00085
-1.782227  -0.00145  0.00062
-1.760254  -0.00225  0.00106
-1.738281  -0.00187  0.00033
-1.716309  -0.00109  0.00138
-1.694336  -0.00181  0.00133
-1.672363  -0.00131  0.00071
-1.650391  -0.00112  0.00049
-1.628418  -0.00152  0.00152
-1.606445  -0.00112  0.00086
-1.584473  -0.00091  0.00019
-1.5625  -0.00143  0.00123
-1.540527  -0.00039  0.00124
-1.518555  -0.00083  0.00077
-1.496582  -0.00041  0.00054
-1.474609  -0.00068  0.00046
-1.452637  0.00037  0.00128
-1.430664  -0.00017  0.00052
-1.408691  0.00040  0.00099
-1.386719  -0.00020  0.00035
-1.364746  0.00139  0.00106
-1.342773  -0.00012  0.00090
-1.320801  0.00167  0.00129
-1.298828  0.00034  0.00098
-1.276856  0.00199  0.00043
-1.254883  0.00107  0.00023
-1.23291  0.00155  0.00071
-1.210938  0.00273  0.00105
-1.188965  0.00180  0.00093
-1.166992  0.00344  0.00069
-1.14502  0.00267  0.00145
-1.123047  0.00346  0.00155
-1.101074  0.00366  0.00132
-1.079102  0.00419  0.00122
-1.057129  0.00503  0.00118
-1.035156  0.00421  0.00084
-1.013184  0.00584  0.00092
-0.991211  0.00576  0.00066
-0.9692383  0.00630  0.00113
-0.9472657  0.00647  0.00085
-0.925293  0.00696  0.00069
-0.9033203  0.00828  0.00137
-0.8813477  0.00796  0.00081
-0.859375  0.00859  0.00110
-0.8374024  0.01040  0.00072
-0.8154297  0.01015  0.00039
-0.7934571  0.01114  0.00059
-0.7714844  0.01209  0.00069
-0.7495118  0.01196  0.00083
-0.7275391  0.01318  0.00061
-0.7055664  0.01430  0.00102
-0.6835938  0.01517  0.00118
-0.6616211  0.01615  0.00078
-0.6396485  0.01694  0.00043
-0.6176758  0.01904  0.00131
-0.5957032  0.01864  0.00136
-0.5737305  0.02037  0.00075
-0.5517579  0.02177  0.00082
-0.5297852  0.02347  0.00030
-0.5078125  0.02609  0.00085
-0.4858399  0.02637  0.00097
-0.4638672  0.02927  0.00072
-0.4418946  0.03049  0.00091
-0.4199219  0.03357  0.00084
-0.3979493  0.03578  0.00094
-0.3759766  0.03746  0.00086
-0.3540039  0.04100  0.00100
-0.3320313  0.04308  0.00131
-0.3100586  0.04623  0.00093
-0.288086  0.04984  0.00039
-0.2661133  0.05416  0.00105
-0.2441407  0.05752  0.00051
-0.222168  0.06179  0.00090
-0.2001954  0.06627  0.00084
-0.1782227  0.06942  0.00123
-0.15625  0.07457  0.00056
-0.1342774  0.07992  0.00034
-0.1123047  0.08514  0.00092
-0.09033207  0.09004  0.00083
-0.06835942  0.09642  0.00090
-0.04638676  0.10076  0.00091
-0.0244141  0.10795  0.00028
-0.002441447  0.11457  0.00190
0.01953121  0.12047  0.00096
